# 64x64 grid, rows=v, cols=u, each entry 'x y' in normalized image coords
-0.018438 1.200019 -0.006665 1.206748 0.005422 1.213488 0.017828 1.220230 0.030561 1.226965 0.043627 1.233682 0.057031 1.240369 0.070779 1.247013 0.084875 1.253602 0.099324 1.260120 0.114127 1.266553 0.129287 1.272885 0.144805 1.279096 0.160680 1.285172 0.176909 1.291091 0.193491 1.296835 0.210418 1.302383 0.227685 1.307716 0.245283 1.312812 0.263201 1.317651 0.281426 1.322212 0.299944 1.326474 0.318738 1.330417 0.337789 1.334023 0.357075 1.337274 0.376575 1.340151 0.396264 1.342640 0.416114 1.344728 0.436100 1.346402 0.456191 1.347653 0.476357 1.348474 0.496569 1.348860 0.516794 1.348808 0.537001 1.348319 0.557160 1.347394 0.577240 1.346041 0.597210 1.344265 0.617042 1.342076 0.636709 1.339488 0.656183 1.336513 0.675441 1.333167 0.694460 1.329467 0.713219 1.325432 0.731699 1.321080 0.749885 1.316432 0.767760 1.311508 0.785313 1.306329 0.802534 1.300917 0.819412 1.295291 0.835943 1.289473 0.852121 1.283481 0.867942 1.277337 0.883405 1.271058 0.898509 1.264663 0.913256 1.258168 0.927646 1.251590 0.941684 1.244944 0.955373 1.238245 0.968718 1.231506 0.981723 1.224740 0.994396 1.217957 1.006742 1.211169 1.018768 1.204386 1.030480 1.197616 
-0.023633 1.184489 -0.011873 1.191240 0.000207 1.198010 0.012614 1.204789 0.025355 1.211567 0.038437 1.218334 0.051867 1.225079 0.065651 1.231788 0.079794 1.238448 0.094300 1.245044 0.109173 1.251562 0.124417 1.257983 0.140031 1.264290 0.156016 1.270465 0.172371 1.276489 0.189093 1.282341 0.206177 1.288000 0.223617 1.293445 0.241404 1.298653 0.259526 1.303604 0.277973 1.308274 0.296728 1.312642 0.315774 1.316688 0.335092 1.320391 0.354659 1.323730 0.374453 1.326689 0.394446 1.329250 0.414612 1.331399 0.434921 1.333124 0.455342 1.334413 0.475843 1.335260 0.496393 1.335659 0.516957 1.335606 0.537502 1.335104 0.557996 1.334153 0.578405 1.332761 0.598698 1.330934 0.618845 1.328684 0.638816 1.326023 0.658583 1.322967 0.678121 1.319532 0.697406 1.315735 0.716417 1.311598 0.735133 1.307140 0.753539 1.302382 0.771618 1.297348 0.789359 1.292057 0.806751 1.286533 0.823785 1.280798 0.840456 1.274872 0.856758 1.268777 0.872689 1.262533 0.888247 1.256160 0.903434 1.249675 0.918249 1.243097 0.932697 1.236443 0.946781 1.229727 0.960505 1.222964 0.973875 1.216169 0.986896 1.209352 0.999576 1.202528 1.011922 1.195704 1.023940 1.188892 1.035639 1.182100 
-0.028841 1.168536 -0.017099 1.175302 -0.005032 1.182093 0.007370 1.188900 0.020113 1.195715 0.033207 1.202525 0.046658 1.209320 0.060472 1.216087 0.074656 1.222812 0.089215 1.229481 0.104153 1.236077 0.119475 1.242583 0.135182 1.248982 0.151274 1.255255 0.167752 1.261380 0.184612 1.267337 0.201851 1.273104 0.219462 1.278660 0.237438 1.283980 0.255767 1.289042 0.274436 1.293823 0.293431 1.298298 0.312733 1.302447 0.332323 1.306247 0.352177 1.309676 0.372271 1.312718 0.392577 1.315352 0.413066 1.317564 0.433707 1.319340 0.454468 1.320669 0.475314 1.321542 0.496211 1.321954 0.517125 1.321901 0.538018 1.321385 0.558856 1.320408 0.579605 1.318975 0.600230 1.317097 0.620700 1.314784 0.640982 1.312050 0.661049 1.308911 0.680873 1.305385 0.700429 1.301491 0.719695 1.297251 0.738650 1.292686 0.757277 1.287819 0.775562 1.282673 0.793491 1.277272 0.811053 1.271638 0.828241 1.265794 0.845049 1.259764 0.861473 1.253568 0.877510 1.247229 0.893160 1.240765 0.908424 1.234196 0.923304 1.227540 0.937803 1.220814 0.951928 1.214035 0.965681 1.207215 0.979071 1.200370 0.992103 1.193512 1.004786 1.186653 1.017125 1.179802 1.029132 1.172970 1.040811 1.166164 
-0.034056 1.152151 -0.022338 1.158922 -0.010289 1.165726 0.002102 1.172553 0.014844 1.179394 0.027943 1.186239 0.041408 1.193077 0.055247 1.199894 0.069466 1.206677 0.084073 1.213411 0.099072 1.220080 0.114466 1.226666 0.130261 1.233151 0.146456 1.239515 0.163053 1.245739 0.180049 1.251798 0.197440 1.257671 0.215222 1.263335 0.233386 1.268766 0.251921 1.273938 0.270815 1.278828 0.290052 1.283411 0.309615 1.287663 0.329481 1.291561 0.349627 1.295083 0.370028 1.298208 0.390654 1.300916 0.411475 1.303192 0.432458 1.305020 0.453568 1.306389 0.474769 1.307288 0.496025 1.307714 0.517297 1.307661 0.538549 1.307131 0.559742 1.306126 0.580840 1.304654 0.601806 1.302723 0.622606 1.300346 0.643209 1.297538 0.663581 1.294315 0.683697 1.290697 0.703528 1.286705 0.723053 1.282362 0.742250 1.277690 0.761101 1.272714 0.779591 1.267458 0.797706 1.261947 0.815438 1.256205 0.832778 1.250257 0.849721 1.244125 0.866262 1.237833 0.882401 1.231402 0.898138 1.224853 0.913475 1.218205 0.928414 1.211478 0.942961 1.204688 0.957119 1.197851 0.970897 1.190983 0.984301 1.184097 0.997338 1.177205 1.010017 1.170320 1.022346 1.163450 1.034334 1.156607 1.045990 1.149797 
-0.039272 1.135325 -0.027583 1.142091 -0.015556 1.148897 -0.003181 1.155734 0.009551 1.162593 0.022650 1.169463 0.036124 1.176334 0.049981 1.183192 0.064231 1.190025 0.078879 1.196816 0.093932 1.203550 0.109395 1.210209 0.125273 1.216774 0.141566 1.223225 0.158278 1.229541 0.175406 1.235698 0.192948 1.241674 0.210898 1.247444 0.229249 1.252982 0.247991 1.258263 0.267111 1.263261 0.286593 1.267950 0.306418 1.272305 0.326565 1.276302 0.347009 1.279915 0.367724 1.283124 0.388678 1.285907 0.409839 1.288247 0.431172 1.290128 0.452641 1.291538 0.474208 1.292465 0.495833 1.292903 0.517475 1.292851 0.539095 1.292306 0.560653 1.291274 0.582110 1.289761 0.603426 1.287776 0.624566 1.285335 0.645496 1.282451 0.666181 1.279145 0.686593 1.275435 0.706705 1.271346 0.726492 1.266900 0.745932 1.262122 0.765008 1.257038 0.783703 1.251674 0.802005 1.246056 0.819905 1.240209 0.837394 1.234160 0.854467 1.227931 0.871123 1.221547 0.887359 1.215030 0.903178 1.208402 0.918582 1.201683 0.933575 1.194892 0.948162 1.188046 0.962350 1.181161 0.976146 1.174253 0.989558 1.167334 1.002595 1.160419 1.015264 1.153517 1.027577 1.146639 1.039541 1.139794 1.051168 1.132991 
-0.044479 1.118048 -0.032824 1.124799 -0.020826 1.131596 -0.008473 1.138432 0.004245 1.145297 0.017337 1.152182 0.030813 1.159076 0.044684 1.165966 0.058956 1.172838 0.073640 1.179678 0.088741 1.186468 0.104267 1.193192 0.120221 1.199830 0.136609 1.206360 0.153431 1.212762 0.170687 1.219012 0.188376 1.225085 0.206492 1.230956 0.225029 1.236598 0.243977 1.241985 0.263324 1.247089 0.283052 1.251884 0.303144 1.256340 0.323576 1.260434 0.344323 1.264138 0.365358 1.267430 0.386647 1.270289 0.408157 1.272693 0.429850 1.274627 0.451688 1.276077 0.473631 1.277032 0.495635 1.277484 0.517658 1.277431 0.539658 1.276873 0.561591 1.275812 0.583416 1.274258 0.605092 1.272221 0.626580 1.269714 0.647843 1.266756 0.668848 1.263366 0.689563 1.259566 0.709959 1.255379 0.730011 1.250832 0.749696 1.245950 0.768997 1.240761 0.787898 1.235291 0.806385 1.229570 0.824449 1.223623 0.842084 1.217476 0.859285 1.211156 0.876050 1.204687 0.892379 1.198092 0.908275 1.191393 0.923740 1.184610 0.938781 1.177764 0.953403 1.170871 0.967614 1.163947 0.981422 1.157009 0.994835 1.150069 1.007865 1.143140 1.020520 1.136233 1.032809 1.129357 1.044745 1.122522 1.056337 1.115736 
-0.049669 1.100314 -0.038054 1.107036 -0.026090 1.113812 -0.013765 1.120635 -0.001068 1.127495 0.012011 1.134383 0.025484 1.141288 0.039360 1.148198 0.053650 1.155099 0.068362 1.161977 0.083506 1.168814 0.099087 1.175593 0.115114 1.182294 0.131589 1.188896 0.148516 1.195376 0.165896 1.201711 0.183728 1.207876 0.202008 1.213842 0.220730 1.219584 0.239883 1.225073 0.259456 1.230279 0.279432 1.235174 0.299793 1.239730 0.320514 1.243919 0.341570 1.247713 0.362931 1.251088 0.384563 1.254020 0.406429 1.256488 0.428492 1.258475 0.450709 1.259965 0.473037 1.260947 0.495431 1.261413 0.517846 1.261359 0.540235 1.260787 0.562554 1.259699 0.584757 1.258104 0.606802 1.256015 0.628646 1.253444 0.650252 1.250412 0.671582 1.246939 0.692604 1.243049 0.713288 1.238768 0.733607 1.234122 0.753540 1.229139 0.773067 1.223848 0.792171 1.218278 0.810842 1.212458 0.829068 1.206416 0.846845 1.200180 0.864169 1.193776 0.881039 1.187229 0.897455 1.180564 0.913421 1.173803 0.928942 1.166967 0.944024 1.160075 0.958674 1.153145 0.972902 1.146194 0.986715 1.139237 1.000124 1.132287 1.013140 1.125356 1.025774 1.118455 1.038036 1.111594 1.049937 1.104782 1.061489 1.098025 
-0.054833 1.082112 -0.043264 1.088794 -0.031339 1.095536 -0.019048 1.102332 -0.006378 1.109174 0.006682 1.116052 0.020145 1.122956 0.034020 1.129874 0.048320 1.136791 0.063055 1.143694 0.078233 1.150567 0.093864 1.157389 0.109956 1.164143 0.126513 1.170807 0.143540 1.177356 0.161039 1.183768 0.179011 1.190015 0.197450 1.196071 0.216354 1.201905 0.235711 1.207489 0.255511 1.212793 0.275736 1.217785 0.296367 1.222437 0.317381 1.226718 0.338751 1.230599 0.360444 1.234054 0.382425 1.237057 0.404657 1.239588 0.427098 1.241626 0.449703 1.243155 0.472427 1.244163 0.495222 1.244643 0.518039 1.244589 0.540829 1.244003 0.563543 1.242889 0.586134 1.241254 0.608556 1.239113 0.630765 1.236480 0.652719 1.233376 0.674381 1.229823 0.695715 1.225847 0.716690 1.221474 0.737280 1.216733 0.757461 1.211653 0.777213 1.206266 0.796520 1.200602 0.815371 1.194690 0.833757 1.188560 0.851672 1.182242 0.869114 1.175763 0.886082 1.169148 0.902579 1.162423 0.918610 1.155610 0.934180 1.148731 0.949296 1.141806 0.963968 1.134852 0.978205 1.127886 0.992017 1.120923 1.005416 1.113975 1.018412 1.107056 1.031019 1.100175 1.043246 1.093341 1.055108 1.086564 1.066615 1.079849 
-0.059961 1.063439 -0.048442 1.070065 -0.036562 1.076759 -0.024311 1.083515 -0.011674 1.090324 0.001361 1.097178 0.014806 1.104066 0.028674 1.110977 0.042977 1.117897 0.057726 1.124813 0.072933 1.131706 0.088607 1.138560 0.104757 1.145355 0.121390 1.152068 0.138510 1.158676 0.156123 1.165154 0.174228 1.171474 0.192825 1.177609 0.211907 1.183528 0.231466 1.189200 0.251491 1.194594 0.271966 1.199677 0.292871 1.204418 0.314181 1.208786 0.335867 1.212750 0.357898 1.216281 0.380236 1.219353 0.402841 1.221943 0.425668 1.224030 0.448672 1.225597 0.471801 1.226630 0.495007 1.227123 0.518236 1.227069 0.541437 1.226470 0.564557 1.225329 0.587546 1.223657 0.610354 1.221466 0.632934 1.218774 0.655244 1.215602 0.677243 1.211973 0.698893 1.207915 0.720163 1.203455 0.741025 1.198625 0.761454 1.193455 0.781430 1.187979 0.800939 1.182227 0.819967 1.176232 0.838508 1.170024 0.856557 1.163634 0.874111 1.157090 0.891173 1.150418 0.907745 1.143645 0.923833 1.136793 0.939445 1.129885 0.954589 1.122939 0.969275 1.115974 0.983514 1.109007 0.997318 1.102052 1.010700 1.095122 1.023670 1.088228 1.036243 1.081380 1.048431 1.074589 1.060247 1.067861 1.071703 1.061202 
-0.065042 1.044286 -0.053578 1.050842 -0.041749 1.057473 -0.029543 1.064173 -0.016946 1.070934 -0.003943 1.077748 0.009478 1.084605 0.023332 1.091493 0.037630 1.098401 0.052388 1.105313 0.067616 1.112213 0.083325 1.119084 0.099526 1.125905 0.116227 1.132654 0.133435 1.139307 0.151156 1.145838 0.169390 1.152220 0.188138 1.158423 0.207395 1.164416 0.227154 1.170166 0.247404 1.175641 0.268128 1.180807 0.289307 1.185630 0.310916 1.190078 0.332924 1.194117 0.355298 1.197719 0.377999 1.200855 0.400983 1.203499 0.424206 1.205632 0.447616 1.207233 0.471161 1.208291 0.494787 1.208795 0.518438 1.208741 0.542059 1.208129 0.565594 1.206965 0.588989 1.205258 0.612191 1.203021 0.635151 1.200274 0.657823 1.197039 0.680163 1.193339 0.702134 1.189205 0.723702 1.184667 0.744837 1.179755 0.765514 1.174504 0.785714 1.168947 0.805421 1.163119 0.824624 1.157051 0.843315 1.150777 0.861492 1.144327 0.879153 1.137730 0.896301 1.131015 0.912941 1.124207 0.929079 1.117331 0.944725 1.110407 0.959890 1.103456 0.974583 1.096496 0.988818 1.089543 1.002607 1.082611 1.015964 1.075714 1.028902 1.068861 1.041436 1.062064 1.053578 1.055330 1.065343 1.048666 1.076744 1.042079 
-0.070064 1.024651 -0.058660 1.031120 -0.046888 1.037672 -0.034733 1.044299 -0.022180 1.050995 -0.009216 1.057752 0.004174 1.064560 0.018006 1.071410 0.032294 1.078287 0.047051 1.085179 0.062292 1.092069 0.078029 1.098940 0.094274 1.105771 0.111037 1.112540 0.128326 1.119222 0.146147 1.125792 0.164505 1.132221 0.183399 1.138478 0.202828 1.144532 0.222784 1.150348 0.243256 1.155893 0.264230 1.161130 0.285683 1.166025 0.307592 1.170542 0.329926 1.174649 0.352647 1.178313 0.375717 1.181505 0.399088 1.184198 0.422713 1.186371 0.446538 1.188003 0.470507 1.189081 0.494562 1.189596 0.518645 1.189542 0.542695 1.188919 0.566653 1.187734 0.590462 1.185996 0.614066 1.183719 0.637412 1.180923 0.660451 1.177632 0.683138 1.173871 0.705433 1.169670 0.727300 1.165062 0.748708 1.160079 0.769633 1.154758 0.790055 1.149133 0.809957 1.143240 0.829330 1.137113 0.848168 1.130785 0.866467 1.124290 0.884228 1.117656 0.901455 1.110913 0.918156 1.104087 0.934338 1.097202 0.950011 1.090280 0.965188 1.083341 0.979881 1.076403 0.994104 1.069481 1.007872 1.062590 1.021198 1.055743 1.034098 1.048949 1.046585 1.042217 1.058676 1.035557 1.070385 1.028974 1.081725 1.022475 
-0.075015 1.004529 -0.063676 1.010895 -0.051965 1.017350 -0.039866 1.023886 -0.027365 1.030499 -0.014446 1.037181 -0.001092 1.043922 0.012711 1.050713 0.026980 1.057542 0.041731 1.064395 0.056977 1.071256 0.072734 1.078108 0.089015 1.084930 0.105831 1.091701 0.123193 1.098395 0.141109 1.104986 0.159584 1.111445 0.178620 1.117741 0.198215 1.123839 0.218364 1.129706 0.239057 1.135305 0.260279 1.140599 0.282008 1.145552 0.304219 1.150127 0.326880 1.154289 0.349953 1.158004 0.373396 1.161242 0.397160 1.163975 0.421194 1.166180 0.445441 1.167838 0.469841 1.168932 0.494333 1.169456 0.518854 1.169402 0.543341 1.168770 0.567730 1.167568 0.591960 1.165804 0.615972 1.163495 0.639710 1.160660 0.663121 1.157322 0.686159 1.153511 0.708780 1.149256 0.730948 1.144591 0.752631 1.139552 0.773803 1.134174 0.794443 1.128496 0.814538 1.122553 0.834077 1.116383 0.853055 1.110019 0.871469 1.103495 0.889324 1.096842 0.906624 1.090088 0.923378 1.083262 0.939595 1.076387 0.955288 1.069486 0.970470 1.062577 0.985156 1.055680 0.999360 1.048809 1.013099 1.041977 1.026387 1.035198 1.039242 1.028481 1.051678 1.021834 1.063713 1.015266 1.075360 1.008782 1.086636 1.002386 
-0.079881 0.983919 -0.068611 0.990164 -0.056966 0.996503 -0.044930 1.002930 -0.032485 1.009440 -0.019617 1.016026 -0.006307 1.022681 0.007461 1.029393 0.021704 1.036153 0.036440 1.042946 0.051684 1.049757 0.067453 1.056569 0.083762 1.063362 0.100625 1.070113 0.118053 1.076799 0.136056 1.083392 0.154641 1.089861 0.173812 1.096175 0.193569 1.102299 0.213908 1.108198 0.234819 1.113834 0.256287 1.119168 0.278292 1.124161 0.300806 1.128777 0.323797 1.132978 0.347225 1.136729 0.371045 1.139999 0.395207 1.142760 0.419655 1.144988 0.444329 1.146662 0.469166 1.147768 0.494101 1.148297 0.519066 1.148242 0.543995 1.147605 0.568820 1.146391 0.593477 1.144611 0.617902 1.142279 0.642037 1.139417 0.665825 1.136047 0.689216 1.132200 0.712166 1.127907 0.734636 1.123202 0.756593 1.118123 0.778010 1.112708 0.798867 1.106994 0.819150 1.101021 0.838850 1.094826 0.857962 1.088446 0.876487 1.081913 0.894428 1.075260 0.911793 1.068518 0.928592 1.061712 0.944837 1.054868 0.960542 1.048008 0.975721 1.041151 0.990392 1.034315 1.004570 1.027515 1.018273 1.020764 1.031518 1.014073 1.044321 1.007453 1.056701 1.000910 1.068674 0.994452 1.080255 0.988085 1.091462 0.981812 
-0.084650 0.962822 -0.073453 0.968927 -0.061878 0.975130 -0.049908 0.981427 -0.037526 0.987814 -0.024714 0.994284 -0.011454 1.000830 0.002272 1.007442 0.016482 1.014109 0.031196 1.020819 0.046430 1.027557 0.062204 1.034306 0.078533 1.041047 0.095434 1.047756 0.112920 1.054410 0.131003 1.060980 0.149692 1.067437 0.168992 1.073747 0.188907 1.079875 0.209431 1.085783 0.230556 1.091433 0.252269 1.096785 0.274549 1.101798 0.297367 1.106433 0.320689 1.110652 0.344475 1.114421 0.368675 1.117705 0.393238 1.120477 0.418103 1.122713 0.443208 1.124393 0.468485 1.125503 0.493866 1.126033 0.519279 1.125979 0.544654 1.125340 0.569919 1.124122 0.595006 1.122336 0.619848 1.119996 0.644382 1.117122 0.668549 1.113739 0.692296 1.109876 0.715577 1.105565 0.738349 1.100842 0.760579 1.095745 0.782240 1.090313 0.803311 1.084587 0.823779 1.078606 0.843634 1.072409 0.862875 1.066034 0.881502 1.059516 0.899523 1.052887 0.916946 1.046178 0.933782 1.039417 0.950047 1.032627 0.965755 1.025832 0.980925 1.019050 0.995573 1.012298 1.009718 1.005592 1.023379 0.998943 1.036574 0.992362 1.049321 0.985860 1.061639 0.979442 1.073545 0.973115 1.085056 0.966884 1.096189 0.960753 
-0.089307 0.941238 -0.078187 0.947183 -0.066686 0.953231 -0.054786 0.959378 -0.042471 0.965619 -0.029720 0.971950 -0.016516 0.978364 -0.002839 0.984851 0.011332 0.991402 0.026017 0.998005 0.041234 1.004645 0.057004 1.011306 0.073346 1.017968 0.090277 1.024609 0.107813 1.031205 0.125968 1.037727 0.144755 1.044145 0.164179 1.050425 0.184244 1.056529 0.204950 1.062421 0.226287 1.068059 0.248243 1.073402 0.270797 1.078408 0.293919 1.083037 0.317574 1.087249 0.341718 1.091009 0.366301 1.094283 0.391266 1.097046 0.416550 1.099271 0.442087 1.100943 0.467804 1.102045 0.493631 1.102572 0.519492 1.102517 0.545312 1.101882 0.571017 1.100671 0.596535 1.098894 0.621794 1.096564 0.646730 1.093701 0.671278 1.090328 0.695383 1.086474 0.718994 1.082171 0.742069 1.077456 0.764572 1.072367 0.786475 1.066946 0.807757 1.061234 0.828405 1.055271 0.848411 1.049100 0.867774 1.042757 0.886498 1.036279 0.904590 1.029701 0.922063 1.023052 0.938929 1.016360 0.955206 1.009651 0.970911 1.002945 0.986063 0.996263 1.000682 0.989621 1.014787 0.983032 1.028399 0.976509 1.041539 0.970062 1.054224 0.963700 1.066476 0.957428 1.078311 0.951253 1.089748 0.945179 1.100805 0.939209 
-0.093836 0.919173 -0.082795 0.924937 -0.071372 0.930808 -0.059547 0.936782 -0.047303 0.942855 -0.034619 0.949023 -0.021475 0.955280 -0.007852 0.961618 0.006273 0.968027 0.020921 0.974496 0.036115 0.981010 0.051874 0.987555 0.068220 0.994110 0.085174 1.000655 0.102753 1.007164 0.120974 1.013609 0.139850 1.019958 0.159392 1.026177 0.179604 1.032229 0.200487 1.038073 0.222033 1.043668 0.244231 1.048970 0.267057 1.053937 0.290484 1.058527 0.314472 1.062700 0.338976 1.066420 0.363942 1.069655 0.389309 1.072379 0.415010 1.074571 0.440975 1.076213 0.467130 1.077296 0.493398 1.077811 0.519701 1.077756 0.545962 1.077132 0.572104 1.075942 0.598050 1.074193 0.623726 1.071898 0.649061 1.069074 0.673991 1.065741 0.698454 1.061928 0.722398 1.057665 0.745776 1.052991 0.768551 1.047943 0.790694 1.042563 0.812184 1.036896 0.833008 1.030984 0.853159 1.024867 0.872639 1.018587 0.891453 1.012180 0.909610 1.005681 0.927125 0.999120 0.944013 0.992528 0.960295 0.985926 0.975988 0.979339 0.991116 0.972784 1.005699 0.966277 1.019759 0.959832 1.033317 0.953461 1.046396 0.947172 1.059015 0.940973 1.071195 0.934871 1.082956 0.928870 1.094316 0.922975 1.105294 0.917186 
-0.098223 0.896631 -0.087264 0.902194 -0.075920 0.907865 -0.064173 0.913643 -0.052004 0.919525 -0.039391 0.925506 -0.026313 0.931580 -0.012749 0.937742 0.001325 0.943981 0.015932 0.950287 0.031094 0.956647 0.046835 0.963046 0.063179 0.969464 0.080148 0.975881 0.097763 0.982271 0.116043 0.988605 0.135003 0.994853 0.154656 1.000978 0.175010 1.006942 0.196066 1.012704 0.217820 1.018219 0.240257 1.023444 0.263357 1.028333 0.287089 1.032845 0.311411 1.036940 0.336275 1.040581 0.361622 1.043739 0.387388 1.046390 0.413502 1.048516 0.439889 1.050104 0.466471 1.051149 0.493170 1.051644 0.519905 1.051589 0.546596 1.050985 0.573165 1.049833 0.599532 1.048139 0.625619 1.045910 0.651352 1.043159 0.676662 1.039905 0.701484 1.036172 0.725760 1.031990 0.749441 1.027394 0.772488 1.022425 0.794870 1.017126 0.816566 1.011540 0.837563 1.005712 0.857855 0.999685 0.877446 0.993501 0.896343 0.987198 0.914559 0.980811 0.932109 0.974372 0.949013 0.967909 0.965291 0.961447 0.980967 0.955007 0.996064 0.948608 1.010605 0.942265 1.024613 0.935992 1.038112 0.929798 1.051125 0.923693 1.063674 0.917683 1.075780 0.911775 1.087463 0.905971 1.098744 0.900275 1.109640 0.894689 
-0.102453 0.873621 -0.091577 0.878961 -0.080315 0.884411 -0.068648 0.889970 -0.056555 0.895635 -0.044016 0.901402 -0.031008 0.907267 -0.017507 0.913224 -0.003490 0.919265 0.011069 0.925379 0.026194 0.931553 0.041912 0.937774 0.058247 0.944022 0.075225 0.950277 0.092868 0.956514 0.111200 0.962703 0.130238 0.968813 0.149998 0.974807 0.170490 0.980645 0.191717 0.986283 0.213676 0.991678 0.236354 0.996783 0.259728 1.001551 0.283765 1.005939 0.308422 1.009908 0.333646 1.013422 0.359372 1.016456 0.385532 1.018989 0.412049 1.021010 0.438845 1.022513 0.465839 1.023496 0.492950 1.023960 0.520098 1.023905 0.547202 1.023333 0.574182 1.022242 0.600956 1.020634 0.627446 1.018511 0.653572 1.015879 0.679259 1.012750 0.704439 1.009145 0.729049 1.005090 0.753035 1.000620 0.776355 0.995775 0.798976 0.990598 0.820876 0.985135 0.842042 0.979431 0.862472 0.973533 0.882169 0.967482 0.901144 0.961319 0.919411 0.955080 0.936990 0.948796 0.953902 0.942497 0.970172 0.936207 0.985824 0.929947 1.000884 0.923735 1.015377 0.917587 1.029329 0.911513 1.042765 0.905526 1.055709 0.899631 1.068184 0.893836 1.080212 0.888145 1.091816 0.882562 1.103015 0.877089 1.113829 0.871727 
-0.106508 0.850156 -0.095715 0.855250 -0.084536 0.860456 -0.072951 0.865771 -0.060938 0.871194 -0.048475 0.876721 -0.035539 0.882350 -0.022106 0.888073 -0.008149 0.893885 0.006357 0.899775 0.021441 0.905731 0.037128 0.911740 0.053449 0.917783 0.070429 0.923841 0.088096 0.929886 0.106474 0.935892 0.125585 0.941825 0.145448 0.947647 0.166075 0.953317 0.187471 0.958790 0.209635 0.964018 0.232554 0.968955 0.256205 0.973551 0.280551 0.977762 0.305545 0.981549 0.331128 0.984881 0.357230 0.987734 0.383775 0.990097 0.410682 0.991964 0.437868 0.993340 0.465249 0.994233 0.492745 0.994650 0.520277 0.994595 0.547765 0.994070 0.575131 0.993071 0.602294 0.991590 0.629172 0.989620 0.655682 0.987161 0.681744 0.984214 0.707281 0.980793 0.732226 0.976922 0.756520 0.972631 0.780115 0.967960 0.802976 0.962953 0.825081 0.957658 0.846416 0.952123 0.866980 0.946395 0.886779 0.940519 0.905827 0.934535 0.924140 0.928481 0.941742 0.922391 0.958657 0.916291 0.974912 0.910208 0.990534 0.904161 1.005552 0.898170 1.019994 0.892246 1.033885 0.886404 1.047254 0.880651 1.060126 0.874994 1.072524 0.869440 1.084474 0.863993 1.095996 0.858654 1.107113 0.853427 1.117844 0.848311 
-0.110373 0.826247 -0.099664 0.831075 -0.088567 0.836012 -0.077064 0.841059 -0.065131 0.846214 -0.052747 0.851475 -0.039886 0.856838 -0.026522 0.862299 -0.012629 0.867850 0.001821 0.873483 0.016858 0.879188 0.032512 0.884950 0.048812 0.890752 0.065790 0.896573 0.083475 0.902390 0.101895 0.908171 0.121075 0.913885 0.141037 0.919492 0.161797 0.924949 0.183363 0.930209 0.205734 0.935222 0.228898 0.939938 0.252829 0.944306 0.277489 0.948282 0.302824 0.951825 0.328767 0.954909 0.355241 0.957516 0.382161 0.959643 0.409439 0.961299 0.436986 0.962500 0.464719 0.963267 0.492560 0.963618 0.520433 0.963564 0.548266 0.963105 0.575983 0.962232 0.603507 0.960927 0.630754 0.959171 0.657637 0.956947 0.684069 0.954249 0.709966 0.951078 0.735250 0.947452 0.759856 0.943399 0.783731 0.938958 0.806836 0.934175 0.829147 0.929098 0.850651 0.923778 0.871348 0.918266 0.891246 0.912607 0.910362 0.906844 0.928717 0.901017 0.946337 0.895157 0.963250 0.889295 0.979485 0.883456 0.995073 0.877658 1.010045 0.871920 1.024431 0.866255 1.038259 0.860673 1.051558 0.855185 1.064356 0.849795 1.076677 0.844509 1.088546 0.839330 1.099987 0.834261 1.111021 0.829302 1.121669 0.824454 
-0.114032 0.801911 -0.103404 0.806450 -0.092390 0.811097 -0.080969 0.815852 -0.069117 0.820713 -0.056810 0.825680 -0.044025 0.830749 -0.030733 0.835916 -0.016906 0.841175 -0.002514 0.846519 0.012474 0.851937 0.028089 0.857415 0.044366 0.862938 0.061337 0.868485 0.079036 0.874031 0.097494 0.879547 0.116740 0.884998 0.136800 0.890345 0.157693 0.895542 0.179429 0.900540 0.202011 0.905286 0.225426 0.909726 0.249646 0.913808 0.274627 0.917484 0.300309 0.920717 0.326616 0.923480 0.353458 0.925767 0.380739 0.927587 0.408362 0.928964 0.436235 0.929933 0.464273 0.930534 0.492404 0.930798 0.520561 0.930745 0.548683 0.930374 0.576704 0.929668 0.604552 0.928596 0.632143 0.927120 0.659386 0.925206 0.686184 0.922829 0.712442 0.919980 0.738072 0.916668 0.762999 0.912917 0.787161 0.908765 0.810516 0.904260 0.833037 0.899452 0.854711 0.894397 0.875541 0.889147 0.895537 0.883751 0.914719 0.878253 0.933112 0.872693 0.950746 0.867106 0.967652 0.861521 0.983864 0.855962 0.999414 0.850450 1.014337 0.845000 1.028664 0.839626 1.042427 0.834338 1.055655 0.829144 1.068378 0.824049 1.080621 0.819059 1.092410 0.814175 1.103770 0.809399 1.114722 0.804731 1.125289 0.800173 
-0.117469 0.777168 -0.106921 0.781397 -0.095988 0.785730 -0.084646 0.790168 -0.072873 0.794710 -0.060645 0.799356 -0.047935 0.804102 -0.034714 0.808945 -0.020954 0.813881 -0.006622 0.818902 0.008314 0.823997 0.023889 0.829156 0.040139 0.834361 0.057101 0.839593 0.074810 0.844827 0.093304 0.850034 0.112614 0.855179 0.132771 0.860220 0.153797 0.865110 0.175708 0.869797 0.198507 0.874224 0.222181 0.878333 0.246700 0.882069 0.272015 0.885382 0.298055 0.888234 0.324730 0.890604 0.351937 0.892494 0.379565 0.893928 0.407503 0.894954 0.435654 0.895630 0.463935 0.896018 0.492284 0.896171 0.520650 0.896118 0.548990 0.895860 0.577254 0.895368 0.605378 0.894591 0.633283 0.893469 0.660870 0.891941 0.688032 0.889963 0.714657 0.887511 0.740643 0.884582 0.765902 0.881197 0.790362 0.877394 0.813976 0.873222 0.836713 0.868736 0.858561 0.863995 0.879525 0.859054 0.899618 0.853966 0.918864 0.848777 0.937292 0.843528 0.954937 0.838255 0.971834 0.832986 0.988020 0.827747 1.003531 0.822556 1.018403 0.817430 1.032670 0.812380 1.046367 0.807418 1.059524 0.802548 1.072171 0.797778 1.084337 0.793109 1.096047 0.788545 1.107327 0.784087 1.118200 0.779734 1.128687 0.775486 
-0.120668 0.752039 -0.110197 0.755937 -0.099341 0.759934 -0.088077 0.764032 -0.076381 0.768230 -0.064229 0.772527 -0.051593 0.776923 -0.038443 0.781413 -0.024749 0.785993 -0.010478 0.790657 0.004406 0.795395 0.019939 0.800197 0.036161 0.805046 0.053112 0.809923 0.070830 0.814805 0.089357 0.819660 0.108730 0.824454 0.128984 0.829145 0.150147 0.833681 0.172238 0.838009 0.195261 0.842068 0.219205 0.845796 0.244038 0.849131 0.269702 0.852021 0.296114 0.854427 0.323167 0.856333 0.350737 0.857752 0.378694 0.858728 0.406912 0.859331 0.435284 0.859652 0.463734 0.859784 0.492211 0.859802 0.520693 0.859750 0.549161 0.859628 0.577591 0.859396 0.605936 0.858976 0.634118 0.858278 0.662033 0.857212 0.689556 0.855708 0.716557 0.853721 0.742914 0.851241 0.768520 0.848282 0.793293 0.844882 0.817177 0.841095 0.840138 0.836980 0.862166 0.832600 0.883265 0.828015 0.903456 0.823280 0.922765 0.818443 0.941228 0.813548 0.958882 0.808629 0.975768 0.803717 0.991926 0.798835 1.007395 0.794003 1.022216 0.789235 1.036424 0.784544 1.050054 0.779937 1.063141 0.775423 1.075715 0.771004 1.087805 0.766685 1.099439 0.762466 1.110642 0.758349 1.121437 0.754332 1.131848 0.750417 
-0.123614 0.726550 -0.113216 0.730097 -0.102433 0.733737 -0.091243 0.737471 -0.079622 0.741300 -0.067543 0.745224 -0.054978 0.749241 -0.041897 0.753348 -0.028268 0.757542 -0.014055 0.761816 0.000777 0.766163 0.016269 0.770571 0.032462 0.775027 0.049400 0.779510 0.067126 0.783998 0.085686 0.788461 0.105122 0.792863 0.125474 0.797160 0.146776 0.801301 0.169051 0.805228 0.192308 0.808875 0.216536 0.812177 0.241699 0.815065 0.267730 0.817484 0.294531 0.819394 0.321975 0.820782 0.349910 0.821672 0.378179 0.822128 0.406636 0.822252 0.435165 0.822168 0.463692 0.822006 0.492194 0.821869 0.520679 0.821819 0.549170 0.821855 0.577678 0.821919 0.606177 0.821907 0.634597 0.821691 0.662822 0.821147 0.690708 0.820175 0.718098 0.818710 0.744842 0.816728 0.770815 0.814243 0.795917 0.811292 0.820083 0.807934 0.843278 0.804233 0.865491 0.800257 0.886729 0.796070 0.907018 0.791730 0.926391 0.787288 0.944887 0.782788 0.962549 0.778264 0.979423 0.773748 0.995553 0.769261 1.010982 0.764823 1.025751 0.760448 1.039900 0.756147 1.053467 0.751928 1.066485 0.747797 1.078988 0.743759 1.091006 0.739814 1.102567 0.735964 1.113696 0.732211 1.124418 0.728552 1.134757 0.724988 
-0.126293 0.700727 -0.115963 0.703904 -0.105249 0.707167 -0.094128 0.710516 -0.082576 0.713954 -0.070565 0.717479 -0.058068 0.721091 -0.045052 0.724787 -0.031485 0.728565 -0.017329 0.732418 -0.002547 0.736341 0.012905 0.740321 0.029070 0.744347 0.045995 0.748399 0.063729 0.752455 0.082321 0.756486 0.101820 0.760457 0.122271 0.764322 0.143714 0.768029 0.166179 0.771518 0.189678 0.774721 0.214202 0.777565 0.239711 0.779978 0.266129 0.781899 0.293339 0.783285 0.321187 0.784127 0.349490 0.784460 0.378054 0.784369 0.406707 0.783986 0.435320 0.783476 0.463829 0.783002 0.492238 0.782703 0.520604 0.782655 0.549002 0.782858 0.577490 0.783236 0.606072 0.783655 0.634685 0.783948 0.663204 0.783955 0.691455 0.783543 0.719247 0.782627 0.746399 0.781172 0.772757 0.779187 0.798205 0.776715 0.822667 0.773817 0.846104 0.770563 0.868506 0.767027 0.889887 0.763276 0.910275 0.759370 0.929710 0.755361 0.948239 0.751294 0.965910 0.747204 0.982772 0.743120 0.998874 0.739065 1.014263 0.735056 1.028983 0.731107 1.043077 0.727228 1.056582 0.723426 1.069536 0.719707 1.081972 0.716074 1.093922 0.712528 1.105414 0.709071 1.116474 0.705703 1.127129 0.702422 1.137400 0.699229 
-0.128691 0.674602 -0.118423 0.677391 -0.107772 0.680257 -0.096715 0.683202 -0.085226 0.686226 -0.073279 0.689330 -0.060844 0.692512 -0.047888 0.695772 -0.034379 0.699105 -0.020276 0.702509 -0.005540 0.705975 0.009874 0.709495 0.026012 0.713056 0.042926 0.716642 0.060667 0.720231 0.079291 0.723794 0.098851 0.727298 0.119401 0.730698 0.140986 0.733941 0.163643 0.736967 0.187390 0.739704 0.212219 0.742076 0.238087 0.744007 0.264909 0.745430 0.292545 0.746301 0.320810 0.746611 0.349481 0.746406 0.378323 0.745790 0.407129 0.744925 0.435753 0.744010 0.464144 0.743244 0.492344 0.742792 0.520468 0.742746 0.548656 0.743107 0.577024 0.743783 0.605616 0.744611 0.634381 0.745391 0.663174 0.745926 0.691791 0.746054 0.719999 0.745673 0.747576 0.744737 0.774336 0.743252 0.800142 0.741265 0.824909 0.738841 0.848593 0.736056 0.871188 0.732985 0.892711 0.729700 0.913198 0.726261 0.932696 0.722721 0.951257 0.719123 0.968936 0.715502 0.985788 0.711886 1.001864 0.708296 1.017216 0.704748 1.031890 0.701256 1.045931 0.697829 1.059379 0.694472 1.072273 0.691190 1.084648 0.687987 1.096535 0.684864 1.107964 0.681821 1.118961 0.678858 1.129554 0.675974 1.139763 0.673168 
-0.130797 0.648206 -0.120584 0.650592 -0.109988 0.653045 -0.098988 0.655567 -0.087556 0.658158 -0.075666 0.660819 -0.063287 0.663549 -0.050386 0.666348 -0.036928 0.669212 -0.022873 0.672137 -0.008180 0.675119 0.007200 0.678149 0.023314 0.681215 0.040217 0.684303 0.057967 0.687391 0.076621 0.690456 0.096242 0.693462 0.116887 0.696370 0.138612 0.699127 0.161458 0.701673 0.185451 0.703937 0.210587 0.705843 0.236820 0.707310 0.264052 0.708271 0.292123 0.708677 0.320810 0.708523 0.349845 0.707861 0.378945 0.706809 0.407860 0.705552 0.436430 0.704314 0.464615 0.703318 0.492504 0.702749 0.520278 0.702707 0.548155 0.703191 0.576317 0.704102 0.604852 0.705258 0.633724 0.706435 0.662772 0.707409 0.691751 0.707999 0.720379 0.708086 0.748389 0.707616 0.775559 0.706598 0.801729 0.705076 0.826802 0.703121 0.850733 0.700811 0.873517 0.698222 0.895180 0.695424 0.915763 0.692479 0.935322 0.689438 0.953915 0.686340 0.971603 0.683220 0.988445 0.680104 1.004498 0.677010 1.019815 0.673954 1.034448 0.670947 1.048442 0.667998 1.061839 0.665111 1.074680 0.662292 1.086999 0.659541 1.098829 0.656861 1.110201 0.654251 1.121143 0.651711 1.131680 0.649242 1.141835 0.646840 
-0.132599 0.621576 -0.122433 0.623544 -0.111886 0.625569 -0.100934 0.627651 -0.089551 0.629792 -0.077710 0.631992 -0.065380 0.634250 -0.052527 0.636566 -0.039114 0.638938 -0.025101 0.641362 -0.010444 0.643834 0.004904 0.646346 0.020998 0.648890 0.037893 0.651450 0.055650 0.654011 0.074334 0.656550 0.094010 0.659035 0.114746 0.661429 0.136601 0.663686 0.159628 0.665747 0.183858 0.667546 0.209290 0.669009 0.235877 0.670058 0.263512 0.670625 0.292010 0.670663 0.321110 0.670167 0.350494 0.669192 0.379825 0.667863 0.408810 0.666375 0.437273 0.664958 0.465190 0.663845 0.492699 0.663219 0.520054 0.663180 0.547551 0.663729 0.575443 0.664765 0.603870 0.666104 0.632810 0.667518 0.662087 0.668774 0.691412 0.669681 0.720451 0.670113 0.748886 0.670015 0.776457 0.669392 0.802982 0.668291 0.828351 0.666781 0.852518 0.664937 0.875484 0.662835 0.897278 0.660540 0.917952 0.658109 0.937567 0.655590 0.956190 0.653021 0.973886 0.650429 0.990721 0.647840 1.006754 0.645270 1.022042 0.642732 1.036638 0.640236 1.050591 0.637789 1.063944 0.635396 1.076737 0.633059 1.089008 0.630781 1.100790 0.628562 1.112114 0.626403 1.123007 0.624303 1.133497 0.622262 1.143605 0.620278 
-0.134087 0.594748 -0.123960 0.596286 -0.113453 0.597870 -0.102541 0.599499 -0.091199 0.601175 -0.079399 0.602898 -0.067109 0.604668 -0.054295 0.606483 -0.040920 0.608343 -0.026942 0.610245 -0.012316 0.612184 0.003008 0.614157 0.019084 0.616154 0.035973 0.618164 0.053737 0.620174 0.072447 0.622164 0.092173 0.624108 0.112988 0.625975 0.134961 0.627723 0.158149 0.629303 0.182593 0.630657 0.208295 0.631716 0.235209 0.632413 0.263216 0.632683 0.292109 0.632484 0.321591 0.631812 0.351291 0.630720 0.380820 0.629330 0.409843 0.627824 0.438168 0.626422 0.465792 0.625336 0.492903 0.624731 0.519823 0.624697 0.546920 0.625232 0.574519 0.626248 0.602806 0.627581 0.631782 0.629017 0.661254 0.630341 0.690894 0.631368 0.720312 0.631979 0.749141 0.632121 0.777083 0.631797 0.803933 0.631052 0.829573 0.629946 0.853954 0.628551 0.877082 0.626931 0.898993 0.625145 0.919748 0.623244 0.939414 0.621267 0.958064 0.619246 0.975768 0.617207 0.992596 0.615169 1.008613 0.613146 1.023877 0.611149 1.038443 0.609185 1.052361 0.607261 1.065677 0.605380 1.078432 0.603544 1.090663 0.601755 1.102405 0.600014 1.113689 0.598321 1.124542 0.596674 1.134993 0.595074 1.145063 0.593520 
-0.135255 0.567761 -0.125157 0.568860 -0.114680 0.569993 -0.103799 0.571158 -0.092489 0.572357 -0.080720 0.573590 -0.068461 0.574856 -0.055677 0.576156 -0.042331 0.577488 -0.028380 0.578851 -0.013778 0.580242 0.001526 0.581656 0.017589 0.583087 0.034472 0.584528 0.052243 0.585968 0.070974 0.587392 0.090741 0.588781 0.111621 0.590111 0.133690 0.591349 0.157013 0.592458 0.181634 0.593390 0.207562 0.594093 0.234751 0.594511 0.263072 0.594593 0.292302 0.594305 0.322106 0.593643 0.352071 0.592654 0.381756 0.591438 0.410794 0.590148 0.438981 0.588964 0.466334 0.588057 0.493085 0.587554 0.519614 0.587524 0.546351 0.587966 0.573678 0.588812 0.601825 0.589933 0.630813 0.591160 0.660441 0.592314 0.690343 0.593245 0.720082 0.593849 0.749245 0.594084 0.777501 0.593951 0.804625 0.593486 0.830491 0.592739 0.855050 0.591765 0.878312 0.590618 0.900320 0.589344 0.921141 0.587981 0.940848 0.586560 0.959520 0.585106 0.977231 0.583638 0.994055 0.582170 1.010059 0.580712 1.025304 0.579274 1.039847 0.577861 1.053739 0.576476 1.067027 0.575123 1.079752 0.573803 1.091952 0.572517 1.103663 0.571266 1.114916 0.570050 1.125740 0.568868 1.136160 0.567719 1.146201 0.566604 
-0.136094 0.540655 -0.126017 0.541309 -0.115561 0.541982 -0.104701 0.542675 -0.093412 0.543388 -0.081664 0.544122 -0.069427 0.544875 -0.056664 0.545649 -0.043338 0.546442 -0.029405 0.547253 -0.014819 0.548080 0.000472 0.548922 0.016526 0.549774 0.033406 0.550632 0.051182 0.551488 0.069928 0.552334 0.089723 0.553158 0.110650 0.553945 0.132788 0.554674 0.156206 0.555321 0.180955 0.555856 0.207048 0.556247 0.234436 0.556455 0.262989 0.556450 0.292465 0.556207 0.322507 0.555726 0.352664 0.555038 0.382462 0.554209 0.411505 0.553342 0.439583 0.552554 0.466731 0.551952 0.493215 0.551618 0.519456 0.551592 0.545926 0.551874 0.573047 0.552422 0.601085 0.553156 0.630076 0.553968 0.659815 0.554741 0.689907 0.555376 0.719882 0.555804 0.749291 0.555996 0.777777 0.555954 0.805101 0.555700 0.831131 0.555267 0.855818 0.554692 0.879177 0.554008 0.901254 0.553244 0.922122 0.552424 0.941859 0.551569 0.960546 0.550694 0.978263 0.549810 0.995085 0.548926 1.011080 0.548049 1.026313 0.547183 1.040840 0.546333 1.054714 0.545500 1.067982 0.544687 1.080687 0.543893 1.092867 0.543121 1.104557 0.542369 1.115789 0.541639 1.126592 0.540929 1.136992 0.540240 1.147013 0.539571 
-0.136602 0.513473 -0.126536 0.513676 -0.116090 0.513885 -0.105241 0.514101 -0.093963 0.514322 -0.082226 0.514550 -0.070000 0.514784 -0.057247 0.515025 -0.043931 0.515271 -0.030008 0.515522 -0.015431 0.515779 -0.000147 0.516040 0.015903 0.516304 0.032782 0.516569 0.050560 0.516833 0.069314 0.517093 0.089125 0.517346 0.110076 0.517586 0.132250 0.517806 0.155719 0.517999 0.180537 0.518155 0.206717 0.518263 0.234213 0.518310 0.262890 0.518286 0.292500 0.518184 0.322672 0.518003 0.352938 0.517754 0.382801 0.517459 0.411851 0.517154 0.439877 0.516877 0.466923 0.516663 0.493274 0.516539 0.519370 0.516517 0.545706 0.516597 0.572724 0.516766 0.600709 0.516997 0.629707 0.517255 0.659509 0.517500 0.689708 0.517701 0.719812 0.517834 0.749355 0.517889 0.777965 0.517868 0.805397 0.517778 0.831514 0.517630 0.856270 0.517436 0.879679 0.517206 0.901794 0.516952 0.922686 0.516680 0.942439 0.516397 0.961135 0.516108 0.978855 0.515817 0.995676 0.515526 1.011667 0.515237 1.026894 0.514953 1.041413 0.514674 1.055278 0.514401 1.068537 0.514135 1.081231 0.513875 1.093401 0.513622 1.105080 0.513377 1.116302 0.513138 1.127094 0.512906 1.137484 0.512681 1.147495 0.512462 
-0.136775 0.486256 -0.126709 0.486007 -0.116264 0.485750 -0.105416 0.485486 -0.094138 0.485214 -0.082402 0.484934 -0.070175 0.484646 -0.057423 0.484350 -0.044107 0.484047 -0.030184 0.483736 -0.015607 0.483418 -0.000323 0.483094 0.015726 0.482766 0.032605 0.482435 0.050384 0.482103 0.069139 0.481774 0.088950 0.481452 0.109902 0.481143 0.132077 0.480854 0.155548 0.480595 0.180367 0.480376 0.206550 0.480210 0.234051 0.480111 0.262735 0.480092 0.292353 0.480162 0.322537 0.480321 0.352816 0.480559 0.382696 0.480849 0.411765 0.481153 0.439811 0.481426 0.466878 0.481628 0.493249 0.481728 0.519365 0.481710 0.545721 0.481575 0.572760 0.481336 0.600764 0.481024 0.629780 0.480680 0.659599 0.480349 0.689811 0.480068 0.719926 0.479866 0.749477 0.479753 0.778094 0.479730 0.805530 0.479788 0.831651 0.479915 0.856409 0.480098 0.879820 0.480322 0.901936 0.480578 0.922831 0.480855 0.942584 0.481148 0.961280 0.481448 0.979002 0.481753 0.995823 0.482059 1.011815 0.482363 1.027042 0.482664 1.041561 0.482960 1.055427 0.483250 1.068686 0.483533 1.081380 0.483810 1.093550 0.484080 1.105230 0.484342 1.116451 0.484597 1.127243 0.484845 1.137633 0.485085 1.147644 0.485319 
-0.136613 0.459046 -0.126538 0.458346 -0.116083 0.457625 -0.105224 0.456882 -0.093937 0.456117 -0.082190 0.455331 -0.069953 0.454522 -0.057191 0.453692 -0.043865 0.452840 -0.029933 0.451968 -0.015348 0.451077 -0.000057 0.450171 0.015998 0.449252 0.032878 0.448326 0.050655 0.447400 0.069402 0.446483 0.089200 0.445587 0.110129 0.444728 0.132270 0.443927 0.155694 0.443209 0.180450 0.442605 0.206552 0.442151 0.233954 0.441885 0.262526 0.441841 0.292027 0.442044 0.322102 0.442496 0.352302 0.443166 0.382149 0.443985 0.411248 0.444846 0.439385 0.445628 0.466594 0.446216 0.493140 0.446525 0.519441 0.446512 0.545973 0.446175 0.573153 0.445558 0.601249 0.444746 0.630295 0.443852 0.660081 0.442999 0.690214 0.442291 0.720222 0.441801 0.749655 0.441559 0.778161 0.441565 0.805499 0.441793 0.831539 0.442210 0.856234 0.442778 0.879598 0.443462 0.901681 0.444231 0.922552 0.445059 0.942292 0.445927 0.960982 0.446817 0.978702 0.447717 0.995525 0.448618 1.011522 0.449513 1.026757 0.450396 1.041285 0.451265 1.055160 0.452117 1.068429 0.452948 1.081134 0.453760 1.093314 0.454550 1.105005 0.455319 1.116237 0.456067 1.127039 0.456794 1.137439 0.457499 1.147459 0.458184 
-0.136118 0.431887 -0.126023 0.430739 -0.115548 0.429557 -0.104669 0.428340 -0.093361 0.427087 -0.081593 0.425799 -0.069336 0.424475 -0.056553 0.423115 -0.043208 0.421721 -0.029257 0.420295 -0.014655 0.418839 0.000649 0.417357 0.016713 0.415855 0.033598 0.414341 0.051371 0.412827 0.070104 0.411326 0.089875 0.409859 0.110760 0.408451 0.132835 0.407133 0.156167 0.405946 0.180800 0.404936 0.206746 0.404159 0.233958 0.403672 0.262311 0.403528 0.291582 0.403763 0.321441 0.404382 0.351473 0.405340 0.381239 0.406535 0.410368 0.407809 0.438652 0.408979 0.466105 0.409868 0.492958 0.410343 0.519589 0.410334 0.546427 0.409838 0.573853 0.408928 0.602095 0.407735 0.631172 0.406436 0.660878 0.405213 0.690845 0.404224 0.720637 0.403571 0.749842 0.403301 0.778130 0.403410 0.805278 0.403862 0.831162 0.404605 0.855735 0.405580 0.879008 0.406736 0.901025 0.408022 0.921852 0.409401 0.941566 0.410840 0.960242 0.412314 0.977958 0.413803 0.994786 0.415292 1.010793 0.416771 1.026040 0.418231 1.040586 0.419666 1.054479 0.421072 1.067768 0.422446 1.080494 0.423787 1.092696 0.425093 1.104407 0.426364 1.115660 0.427600 1.126483 0.428801 1.136903 0.429967 1.146943 0.431100 
-0.135292 0.404820 -0.125168 0.403230 -0.114663 0.401594 -0.103754 0.399910 -0.092415 0.398177 -0.080617 0.396396 -0.068328 0.394565 -0.055515 0.392686 -0.042141 0.390761 -0.028163 0.388791 -0.013536 0.386781 0.001789 0.384735 0.017867 0.382662 0.034758 0.380573 0.052526 0.378482 0.071240 0.376409 0.090973 0.374379 0.111796 0.372424 0.133779 0.370586 0.156982 0.368915 0.181444 0.367472 0.207172 0.366324 0.234119 0.365543 0.262171 0.365193 0.291122 0.365321 0.320679 0.365931 0.350470 0.366972 0.380107 0.368323 0.409252 0.369798 0.437710 0.371175 0.465473 0.372235 0.492725 0.372808 0.519785 0.372802 0.547023 0.372216 0.574758 0.371143 0.603175 0.369750 0.632270 0.368257 0.661849 0.366883 0.691578 0.365816 0.721069 0.365178 0.749956 0.365020 0.777943 0.365338 0.804828 0.366087 0.830494 0.367202 0.854897 0.368614 0.878041 0.370254 0.899966 0.372062 0.920732 0.373989 0.940408 0.375992 0.959065 0.378039 0.976777 0.380105 0.993611 0.382171 1.009632 0.384221 1.024900 0.386245 1.039470 0.388235 1.053392 0.390185 1.066710 0.392091 1.079466 0.393951 1.091699 0.395764 1.103442 0.397528 1.114726 0.399244 1.125580 0.400912 1.136029 0.402533 1.146099 0.404108 
-0.134142 0.377886 -0.123979 0.375864 -0.113436 0.373782 -0.102486 0.371641 -0.091107 0.369439 -0.079267 0.367176 -0.066938 0.364852 -0.054086 0.362468 -0.040673 0.360026 -0.026660 0.357528 -0.012001 0.354979 0.003350 0.352387 0.019447 0.349761 0.036346 0.347114 0.054110 0.344464 0.072801 0.341833 0.092488 0.339252 0.113236 0.336758 0.135107 0.334400 0.158155 0.332235 0.182411 0.330330 0.207877 0.328762 0.234510 0.327609 0.262203 0.326942 0.290775 0.326811 0.319969 0.327222 0.349466 0.328124 0.378929 0.329391 0.408066 0.330829 0.436692 0.332203 0.464782 0.333278 0.492469 0.333866 0.520002 0.333864 0.547675 0.333270 0.575739 0.332188 0.604327 0.330805 0.633415 0.329354 0.662822 0.328071 0.692259 0.327148 0.721391 0.326713 0.749900 0.326818 0.777530 0.327457 0.804101 0.328581 0.829507 0.330120 0.853704 0.331995 0.876693 0.334131 0.898507 0.336462 0.919198 0.338928 0.938827 0.341484 0.957462 0.344090 0.975168 0.346716 0.992011 0.349341 1.008052 0.351945 1.023347 0.354516 1.037949 0.357044 1.051906 0.359522 1.065263 0.361946 1.078059 0.364312 1.090332 0.366619 1.102116 0.368865 1.113440 0.371050 1.124334 0.373175 1.134823 0.375241 1.144931 0.377249 
-0.132673 0.351125 -0.122463 0.348680 -0.111872 0.346166 -0.100874 0.343581 -0.089445 0.340924 -0.077556 0.338195 -0.065178 0.335393 -0.052277 0.332521 -0.038818 0.329580 -0.024761 0.326574 -0.010064 0.323508 0.005319 0.320391 0.021440 0.317234 0.038350 0.314051 0.056109 0.310863 0.074776 0.307696 0.094411 0.304582 0.115075 0.301563 0.136822 0.298690 0.159697 0.296025 0.183725 0.293639 0.208906 0.291610 0.235197 0.290019 0.262501 0.288937 0.290662 0.288414 0.319461 0.288459 0.348629 0.289023 0.377884 0.289989 0.406974 0.291172 0.435736 0.292350 0.464125 0.293292 0.492223 0.293816 0.520209 0.293817 0.548294 0.293294 0.576657 0.292350 0.605382 0.291169 0.634427 0.289978 0.663629 0.289001 0.692740 0.288422 0.721479 0.288358 0.749579 0.288859 0.776823 0.289916 0.803053 0.291482 0.828174 0.293484 0.852145 0.295844 0.874962 0.298482 0.896651 0.301329 0.917258 0.304323 0.936836 0.307413 0.955446 0.310557 0.973148 0.313722 0.990002 0.316883 1.006066 0.320019 1.021393 0.323115 1.036034 0.326161 1.050034 0.329149 1.063437 0.332071 1.076282 0.334926 1.088605 0.337710 1.100438 0.340423 1.111812 0.343064 1.122755 0.345633 1.133293 0.348132 1.143448 0.350561 
-0.130895 0.324574 -0.120630 0.321721 -0.109983 0.318789 -0.098928 0.315775 -0.087441 0.312679 -0.075495 0.309501 -0.063060 0.306242 -0.050103 0.302901 -0.036591 0.299484 -0.022484 0.295992 -0.007742 0.292434 0.007678 0.288818 0.023826 0.285156 0.040751 0.281466 0.058506 0.277767 0.077147 0.274089 0.096728 0.270466 0.117303 0.266942 0.138919 0.263568 0.161614 0.260409 0.185406 0.257533 0.210293 0.255020 0.236232 0.252946 0.263140 0.251380 0.290883 0.250370 0.319276 0.249927 0.348098 0.250010 0.377116 0.250515 0.406119 0.251284 0.434959 0.252119 0.463579 0.252819 0.492015 0.253217 0.520378 0.253220 0.548802 0.252828 0.577398 0.252133 0.606203 0.251299 0.635163 0.250528 0.664131 0.250016 0.692899 0.249923 0.721236 0.250351 0.748920 0.251343 0.775769 0.252889 0.801650 0.254941 0.826477 0.257431 0.850212 0.260282 0.872849 0.263419 0.894408 0.266768 0.914926 0.270270 0.934450 0.273870 0.953034 0.277526 0.970733 0.281203 0.987601 0.284873 1.003693 0.288514 1.019057 0.292111 1.033743 0.295650 1.047793 0.299123 1.061249 0.302523 1.074150 0.305846 1.086530 0.309089 1.098421 0.312251 1.109853 0.315331 1.120853 0.318329 1.131446 0.321246 1.141656 0.324084 
-0.128817 0.298270 -0.118491 0.295024 -0.107780 0.291689 -0.096661 0.288265 -0.085110 0.284749 -0.073099 0.281143 -0.060600 0.277447 -0.047581 0.273662 -0.034008 0.269793 -0.019847 0.265843 -0.005056 0.261820 0.010407 0.257734 0.026585 0.253599 0.043526 0.249431 0.061280 0.245254 0.079895 0.241097 0.099421 0.236995 0.119906 0.232992 0.141389 0.229140 0.163902 0.225502 0.187459 0.222145 0.212053 0.219142 0.237647 0.216568 0.264167 0.214486 0.291500 0.212941 0.319493 0.211946 0.347964 0.211469 0.376722 0.211429 0.405590 0.211696 0.434438 0.212109 0.463196 0.212503 0.491864 0.212741 0.520491 0.212747 0.549147 0.212519 0.577883 0.212134 0.606698 0.211726 0.635527 0.211462 0.664239 0.211500 0.692659 0.211970 0.720597 0.212955 0.747874 0.214486 0.774337 0.216552 0.799874 0.219108 0.824411 0.222091 0.847911 0.225428 0.870366 0.229045 0.891793 0.232875 0.912221 0.236857 0.931690 0.240939 0.950249 0.245076 0.967946 0.249233 0.984830 0.253381 1.000952 0.257497 1.016358 0.261565 1.031093 0.265569 1.045199 0.269502 1.058715 0.273354 1.071678 0.277122 1.084122 0.280802 1.096077 0.284393 1.107574 0.287892 1.118638 0.291302 1.129295 0.294621 1.139567 0.297853 
-0.126453 0.272246 -0.116058 0.268624 -0.105277 0.264905 -0.094088 0.261090 -0.082466 0.257176 -0.070384 0.253164 -0.057815 0.249055 -0.044729 0.244852 -0.031093 0.240557 -0.016871 0.236178 -0.002026 0.231721 0.013481 0.227198 0.029692 0.222623 0.046652 0.218013 0.064404 0.213394 0.082994 0.208793 0.102466 0.204247 0.122860 0.199799 0.144213 0.195501 0.166547 0.191411 0.189875 0.187594 0.214187 0.184120 0.239449 0.181054 0.265598 0.178458 0.292537 0.176373 0.320141 0.174815 0.348261 0.173765 0.376740 0.173161 0.405428 0.172906 0.434207 0.172879 0.463001 0.172952 0.491777 0.173022 0.520540 0.173030 0.549307 0.172974 0.578080 0.172913 0.606829 0.172950 0.635481 0.173211 0.663915 0.173816 0.691987 0.174865 0.719540 0.176417 0.746426 0.178492 0.772520 0.181077 0.797726 0.184127 0.821982 0.187586 0.845253 0.191385 0.867531 0.195457 0.888827 0.199737 0.909165 0.204166 0.928581 0.208693 0.947114 0.213276 0.964810 0.217877 0.981713 0.222468 0.997867 0.227026 1.013318 0.231532 1.028107 0.235972 1.042273 0.240334 1.055853 0.244612 1.068884 0.248800 1.081397 0.252893 1.093423 0.256889 1.104990 0.260788 1.116125 0.264589 1.126852 0.268293 1.137192 0.271901 
-0.123812 0.246534 -0.113344 0.242554 -0.102488 0.238472 -0.091224 0.234286 -0.079525 0.229996 -0.067369 0.225602 -0.054726 0.221107 -0.041568 0.216513 -0.027864 0.211823 -0.013579 0.207046 0.001322 0.202188 0.016875 0.197262 0.033121 0.192283 0.050099 0.187269 0.067850 0.182245 0.086416 0.177240 0.105834 0.172290 0.126141 0.167437 0.147365 0.162730 0.169527 0.158226 0.192634 0.153986 0.216677 0.150072 0.241624 0.146548 0.267420 0.143469 0.293986 0.140875 0.321215 0.138786 0.348985 0.137194 0.377165 0.136060 0.405627 0.135315 0.434263 0.134874 0.462991 0.134647 0.491756 0.134559 0.520528 0.134568 0.549283 0.134673 0.577992 0.134916 0.606601 0.135370 0.635029 0.136124 0.663168 0.137264 0.690893 0.138858 0.718073 0.140945 0.744587 0.143533 0.770331 0.146605 0.795224 0.150119 0.819211 0.154020 0.842263 0.158246 0.864369 0.162735 0.885537 0.167426 0.905788 0.172262 0.925150 0.177196 0.943659 0.182185 0.961354 0.187192 0.978275 0.192190 0.994465 0.197153 1.009962 0.202063 1.024806 0.206904 1.039035 0.211667 1.052684 0.216340 1.065786 0.220919 1.078374 0.225400 1.090475 0.229779 1.102118 0.234054 1.113328 0.238226 1.124130 0.242294 1.134544 0.246260 
-0.120911 0.221162 -0.110364 0.216845 -0.099430 0.212419 -0.088085 0.207886 -0.076308 0.203244 -0.064073 0.198494 -0.051353 0.193640 -0.038120 0.188683 -0.024345 0.183630 -0.009996 0.178486 0.004962 0.173262 0.020563 0.167969 0.036843 0.162624 0.053840 0.157245 0.071590 0.151858 0.090131 0.146491 0.109496 0.141179 0.129716 0.135965 0.150815 0.130894 0.172810 0.126021 0.195706 0.121402 0.219492 0.117096 0.244140 0.113161 0.269603 0.109649 0.295811 0.106601 0.322677 0.104041 0.350097 0.101970 0.377959 0.100370 0.406153 0.099197 0.434578 0.098396 0.463148 0.097908 0.491793 0.097683 0.520459 0.097694 0.549095 0.097938 0.577647 0.098444 0.606047 0.099261 0.634209 0.100447 0.662034 0.102056 0.689411 0.104132 0.716231 0.106695 0.742390 0.109741 0.767801 0.113249 0.792397 0.117177 0.816129 0.121474 0.838970 0.126083 0.860910 0.130944 0.881954 0.136002 0.902119 0.141203 0.921428 0.146500 0.939912 0.151853 0.957606 0.157226 0.974546 0.162590 0.990770 0.167920 1.006315 0.173198 1.021216 0.178408 1.035510 0.183537 1.049229 0.188576 1.062406 0.193518 1.075070 0.198359 1.087250 0.203094 1.098973 0.207722 1.110263 0.212242 1.121143 0.216654 1.131637 0.220958 
-0.117764 0.196157 -0.107135 0.191523 -0.096117 0.186776 -0.084690 0.181919 -0.072831 0.176950 -0.060514 0.171871 -0.047716 0.166685 -0.034408 0.161396 -0.020561 0.156010 -0.006147 0.150534 0.008868 0.144979 0.024516 0.139356 0.040829 0.133684 0.057843 0.127980 0.075591 0.122271 0.094105 0.116585 0.113417 0.110958 0.133551 0.105428 0.154528 0.100041 0.176362 0.094848 0.199054 0.089901 0.222594 0.085257 0.246957 0.080969 0.272101 0.077088 0.297965 0.073653 0.324475 0.070695 0.351542 0.068223 0.379069 0.066235 0.406958 0.064708 0.435112 0.063612 0.463445 0.062910 0.491879 0.062574 0.520343 0.062585 0.548768 0.062943 0.577086 0.063665 0.605217 0.064780 0.633076 0.066323 0.660568 0.068324 0.687595 0.070804 0.714060 0.073768 0.739878 0.077205 0.764972 0.081085 0.789284 0.085370 0.812772 0.090009 0.835410 0.094948 0.857190 0.100133 0.878112 0.105510 0.898191 0.111029 0.917446 0.116645 0.935905 0.122319 0.953597 0.128015 0.970555 0.133706 0.986812 0.139365 1.002403 0.144974 1.017362 0.150517 1.031721 0.155979 1.045511 0.161352 1.058764 0.166628 1.071507 0.171800 1.083768 0.176865 1.095573 0.181821 1.106945 0.186666 1.117908 0.191399 1.128483 0.196021 
-0.114384 0.171543 -0.103671 0.166612 -0.092569 0.161567 -0.081058 0.156409 -0.069114 0.151139 -0.056716 0.145758 -0.043838 0.140270 -0.030454 0.134679 -0.016536 0.128992 -0.002057 0.123218 0.013013 0.117366 0.028705 0.111451 0.045050 0.105490 0.062078 0.099503 0.079821 0.093515 0.098307 0.087554 0.117563 0.081655 0.137610 0.075857 0.158467 0.070202 0.180142 0.064740 0.202637 0.059520 0.225940 0.054594 0.250028 0.050015 0.274863 0.045831 0.300392 0.042083 0.326551 0.038803 0.353260 0.036011 0.380435 0.033715 0.407986 0.031909 0.435822 0.030581 0.463856 0.029714 0.492005 0.029291 0.520189 0.029303 0.548331 0.029750 0.576350 0.030640 0.604165 0.031989 0.631688 0.033812 0.658830 0.036124 0.685501 0.038928 0.711618 0.042217 0.737103 0.045970 0.761890 0.050158 0.785928 0.054737 0.809180 0.059660 0.831622 0.064877 0.853244 0.070334 0.874047 0.075981 0.894039 0.081771 0.913239 0.087661 0.931670 0.093612 0.949357 0.099590 0.966330 0.105566 0.982619 0.111516 0.998255 0.117419 1.013269 0.123259 1.027692 0.129021 1.041553 0.134696 1.054881 0.140274 1.067705 0.145750 1.080047 0.151119 1.091936 0.156377 1.103393 0.161522 1.114441 0.166554 1.125100 0.171473 
-0.110789 0.147338 -0.099990 0.142133 -0.088802 0.136813 -0.077205 0.131379 -0.065178 0.125833 -0.052697 0.120177 -0.039740 0.114416 -0.026281 0.108553 -0.012295 0.102598 0.002246 0.096558 0.017369 0.090446 0.033102 0.084276 0.049475 0.078065 0.066514 0.071833 0.084248 0.065607 0.102702 0.059415 0.121899 0.053289 0.141859 0.047269 0.162594 0.041395 0.184112 0.035714 0.206412 0.030273 0.229483 0.025124 0.253303 0.020315 0.277836 0.015894 0.303037 0.011902 0.328845 0.008374 0.355193 0.005337 0.382001 0.002807 0.409188 0.000792 0.436667 -0.000709 0.464354 -0.001701 0.492162 -0.002188 0.520008 -0.002175 0.547809 -0.001662 0.575481 -0.000646 0.602941 0.000878 0.630101 0.002913 0.656879 0.005461 0.683190 0.008513 0.708959 0.012053 0.734116 0.016054 0.758604 0.020481 0.782375 0.025294 0.805396 0.030445 0.827645 0.035884 0.849111 0.041563 0.869793 0.047432 0.889698 0.053447 0.908840 0.059566 0.927239 0.065751 0.944918 0.071969 0.961901 0.078192 0.978218 0.084393 0.993896 0.090554 1.008963 0.096656 1.023448 0.102685 1.037378 0.108629 1.050781 0.114480 1.063683 0.120231 1.076109 0.125875 1.088081 0.131410 1.099624 0.136832 1.110757 0.142140 1.121502 0.147333 
-0.106994 0.123562 -0.096108 0.118104 -0.084834 0.112532 -0.073152 0.106847 -0.061042 0.101051 -0.048480 0.095147 -0.035446 0.089141 -0.021914 0.083037 -0.007861 0.076844 0.006738 0.070573 0.021910 0.064234 0.037680 0.057844 0.054076 0.051420 0.071121 0.044983 0.088841 0.038559 0.107259 0.032176 0.126393 0.025867 0.146261 0.019669 0.166873 0.013622 0.188233 0.007771 0.210340 0.002161 0.233182 -0.003158 0.256737 -0.008140 0.280973 -0.012738 0.305847 -0.016910 0.331305 -0.020618 0.357285 -0.023833 0.383715 -0.026531 0.410518 -0.028697 0.437612 -0.030322 0.464914 -0.031401 0.492340 -0.031934 0.519806 -0.031920 0.547225 -0.031360 0.574515 -0.030255 0.601590 -0.028605 0.628369 -0.026417 0.654769 -0.023699 0.680715 -0.020466 0.706135 -0.016743 0.730968 -0.012559 0.755159 -0.007952 0.778668 -0.002963 0.801461 0.002361 0.823517 0.007972 0.844827 0.013824 0.865386 0.019869 0.885200 0.026065 0.904280 0.032370 0.922643 0.038748 0.940308 0.045166 0.957298 0.051596 0.973638 0.058012 0.989353 0.064394 1.004469 0.070724 1.019012 0.076986 1.033009 0.083169 1.046485 0.089263 1.059465 0.095260 1.071971 0.101153 1.084027 0.106938 1.095654 0.112613 1.106874 0.118174 1.117706 0.123620 
-0.103014 0.100228 -0.092043 0.094540 -0.080683 0.088739 -0.068917 0.082827 -0.056725 0.076806 -0.044085 0.070682 -0.030976 0.064458 -0.017375 0.058142 -0.003260 0.051743 0.011394 0.045271 0.026610 0.038739 0.042412 0.032164 0.058824 0.025562 0.075870 0.018957 0.093571 0.012373 0.111946 0.005838 0.131012 -0.000614 0.150784 -0.006948 0.171269 -0.013124 0.192470 -0.019101 0.214383 -0.024832 0.236995 -0.030272 0.260287 -0.035375 0.284227 -0.040096 0.308776 -0.044391 0.333883 -0.048223 0.359491 -0.051559 0.385533 -0.054370 0.411937 -0.056637 0.438626 -0.058345 0.465519 -0.059483 0.492535 -0.060046 0.519589 -0.060032 0.546599 -0.059440 0.573480 -0.058274 0.600151 -0.056540 0.626532 -0.054248 0.652547 -0.051414 0.678122 -0.048059 0.703193 -0.044210 0.727701 -0.039900 0.751599 -0.035167 0.774845 -0.030054 0.797411 -0.024607 0.819275 -0.018870 0.840425 -0.012891 0.860858 -0.006713 0.880577 -0.000379 0.899590 0.006072 0.917911 0.012604 0.935557 0.019184 0.952547 0.025784 0.968904 0.032380 0.984651 0.038949 0.999812 0.045474 1.014410 0.051938 1.028469 0.058329 1.042015 0.064637 1.055069 0.070851 1.067654 0.076966 1.079791 0.082977 1.091503 0.088880 1.102808 0.094671 1.113726 0.100348 
-0.098867 0.077350 -0.087810 0.071453 -0.076367 0.065446 -0.064519 0.059330 -0.052247 0.053110 -0.039531 0.046791 -0.026351 0.040377 -0.012685 0.033877 0.001488 0.027301 0.016190 0.020659 0.031444 0.013966 0.047272 0.007237 0.063695 0.000492 0.080734 -0.006247 0.098408 -0.012956 0.116734 -0.019605 0.135727 -0.026163 0.155397 -0.032595 0.175750 -0.038861 0.196788 -0.044922 0.218505 -0.050734 0.240888 -0.056251 0.263916 -0.061430 0.287561 -0.066226 0.311784 -0.070597 0.336539 -0.074504 0.361771 -0.077913 0.387419 -0.080793 0.413415 -0.083122 0.439685 -0.084880 0.466153 -0.086053 0.492740 -0.086635 0.519364 -0.086619 0.545945 -0.086008 0.572401 -0.084805 0.598655 -0.083019 0.624629 -0.080664 0.650250 -0.077759 0.675452 -0.074328 0.700172 -0.070402 0.724357 -0.066014 0.747960 -0.061203 0.770945 -0.056011 0.793281 -0.050484 0.814950 -0.044664 0.835939 -0.038598 0.856241 -0.032327 0.875859 -0.025893 0.894799 -0.019334 0.913072 -0.012685 0.930692 -0.005978 0.947676 0.000758 0.964044 0.007500 0.979817 0.014224 0.995016 0.020911 1.009663 0.027547 1.023780 0.034117 1.037391 0.040609 1.050516 0.047015 1.063177 0.053326 1.075394 0.059538 1.087187 0.065644 1.098576 0.071642 1.109579 0.077529 
-0.094566 0.054936 -0.083426 0.048852 -0.071902 0.042661 -0.059975 0.036365 -0.047627 0.029970 -0.034839 0.023480 -0.021593 0.016903 -0.007867 0.010246 0.006358 0.003521 0.021104 -0.003261 0.036389 -0.010086 0.052235 -0.016937 0.068662 -0.023795 0.085687 -0.030636 0.103327 -0.037436 0.121597 -0.044167 0.140509 -0.050797 0.160072 -0.057292 0.180289 -0.063614 0.201159 -0.069723 0.222677 -0.075577 0.244828 -0.081134 0.267592 -0.086350 0.290940 -0.091182 0.314838 -0.095588 0.339240 -0.099531 0.364095 -0.102975 0.389346 -0.105889 0.414928 -0.108248 0.440772 -0.110030 0.466805 -0.111222 0.492951 -0.111812 0.519134 -0.111796 0.545275 -0.111174 0.571297 -0.109952 0.597125 -0.108140 0.622686 -0.105753 0.647912 -0.102813 0.672737 -0.099345 0.697106 -0.095380 0.720966 -0.090954 0.744275 -0.086105 0.766997 -0.080874 0.789103 -0.075305 0.810573 -0.069440 0.831396 -0.063322 0.851563 -0.056994 0.871074 -0.050495 0.889934 -0.043861 0.908151 -0.037128 0.925738 -0.030328 0.942708 -0.023487 0.959080 -0.016631 0.974872 -0.009783 0.990102 -0.002962 1.004793 0.003816 1.018963 0.010536 1.032634 0.017187 1.045825 0.023757 1.058558 0.030240 1.070851 0.036628 1.082724 0.042915 1.094195 0.049098 1.105281 0.055174 
-0.090129 0.032995 -0.078908 0.026744 -0.067305 0.020390 -0.055303 0.013937 -0.042883 0.007389 -0.030028 0.000754 -0.016720 -0.005962 -0.002940 -0.012749 0.011332 -0.019597 0.026113 -0.026493 0.041423 -0.033422 0.057281 -0.040367 0.073703 -0.047307 0.090706 -0.054222 0.108304 -0.061085 0.126511 -0.067867 0.145335 -0.074538 0.164784 -0.081065 0.184859 -0.087411 0.205557 -0.093536 0.226872 -0.099402 0.248789 -0.104966 0.271287 -0.110186 0.294339 -0.115021 0.317910 -0.119431 0.341959 -0.123378 0.366437 -0.126826 0.391289 -0.129746 0.416455 -0.132111 0.441870 -0.133899 0.467464 -0.135095 0.493166 -0.135687 0.518902 -0.135670 0.544598 -0.135045 0.570182 -0.133818 0.595581 -0.131998 0.620727 -0.129604 0.645555 -0.126656 0.670005 -0.123182 0.694022 -0.119211 0.717558 -0.114780 0.740571 -0.109925 0.763028 -0.104687 0.784901 -0.099108 0.806170 -0.093230 0.826821 -0.087093 0.846847 -0.080738 0.866245 -0.074205 0.885018 -0.067527 0.903173 -0.060741 0.920718 -0.053876 0.937667 -0.046960 0.954036 -0.040020 0.969839 -0.033076 0.985094 -0.026149 0.999821 -0.019256 1.014038 -0.012412 1.027763 -0.005629 1.041016 0.001082 1.053816 0.007711 1.066182 0.014252 1.078130 0.020698 1.089679 0.027045 1.100846 0.033288 
-0.085569 0.011531 -0.074271 0.005133 -0.062593 -0.001363 -0.050519 -0.007952 -0.038032 -0.014629 -0.025115 -0.021387 -0.011751 -0.028219 0.002077 -0.035113 0.016388 -0.042059 0.031199 -0.049043 0.046526 -0.056050 0.062387 -0.063063 0.078797 -0.070060 0.095770 -0.077020 0.113319 -0.083918 0.131454 -0.090725 0.150183 -0.097411 0.169511 -0.103943 0.189438 -0.110285 0.209960 -0.116401 0.231068 -0.122251 0.252748 -0.127795 0.274978 -0.132993 0.297733 -0.137805 0.320979 -0.142192 0.344676 -0.146117 0.368777 -0.149547 0.393232 -0.152451 0.417983 -0.154803 0.442969 -0.156582 0.468124 -0.157772 0.493381 -0.158360 0.518670 -0.158343 0.543921 -0.157721 0.569067 -0.156498 0.594038 -0.154687 0.618770 -0.152303 0.643201 -0.149369 0.667276 -0.145911 0.690942 -0.141960 0.714153 -0.137550 0.736871 -0.132716 0.759061 -0.127499 0.780698 -0.121937 0.801762 -0.116072 0.822237 -0.109944 0.842116 -0.103590 0.861395 -0.097049 0.880074 -0.090355 0.898157 -0.083542 0.915654 -0.076639 0.932574 -0.069676 0.948930 -0.062676 0.964737 -0.055663 0.980011 -0.048657 0.994767 -0.041674 1.009023 -0.034730 1.022797 -0.027839 1.036106 -0.021011 1.048969 -0.014258 1.061401 -0.007586 1.073421 -0.001002 1.085045 0.005487 1.096290 0.011878 
-0.080901 -0.009453 -0.069530 -0.015979 -0.057781 -0.022596 -0.045640 -0.029301 -0.033091 -0.036087 -0.020118 -0.042947 -0.006704 -0.049871 0.007166 -0.056849 0.021509 -0.063870 0.036342 -0.070919 0.051678 -0.077981 0.067535 -0.085037 0.083924 -0.092068 0.100859 -0.099050 0.118351 -0.105959 0.136407 -0.112767 0.155034 -0.119444 0.174235 -0.125957 0.194008 -0.132274 0.214349 -0.138356 0.235246 -0.144168 0.256687 -0.149670 0.278649 -0.154824 0.301106 -0.159591 0.324027 -0.163935 0.347374 -0.167819 0.371102 -0.171213 0.395162 -0.174085 0.419501 -0.176411 0.444061 -0.178170 0.468780 -0.179345 0.493595 -0.179927 0.518440 -0.179910 0.543250 -0.179293 0.567960 -0.178083 0.592506 -0.176290 0.616826 -0.173932 0.640864 -0.171028 0.664566 -0.167605 0.687883 -0.163693 0.710771 -0.159324 0.733192 -0.154533 0.755115 -0.149358 0.776514 -0.143836 0.797368 -0.138007 0.817663 -0.131909 0.837390 -0.125580 0.856542 -0.119054 0.875119 -0.112367 0.893125 -0.105551 0.910565 -0.098636 0.927447 -0.091649 0.943784 -0.084614 0.959587 -0.077555 0.974870 -0.070492 0.989648 -0.063442 1.003937 -0.056423 1.017753 -0.049446 1.031112 -0.042524 1.044031 -0.035668 1.056526 -0.028886 1.068613 -0.022186 1.080308 -0.015573 1.091627 -0.009053 
-0.076140 -0.029955 -0.064698 -0.036590 -0.052884 -0.043311 -0.040681 -0.050112 -0.028075 -0.056988 -0.015052 -0.063928 -0.001595 -0.070924 0.012311 -0.077966 0.026679 -0.085040 0.041526 -0.092133 0.056864 -0.099228 0.072708 -0.106307 0.089068 -0.113349 0.105958 -0.120332 0.123384 -0.127231 0.141354 -0.134019 0.159872 -0.140667 0.178939 -0.147142 0.198553 -0.153413 0.218707 -0.159443 0.239391 -0.165198 0.260590 -0.170640 0.282283 -0.175732 0.304444 -0.180439 0.327042 -0.184723 0.350040 -0.188552 0.373398 -0.191895 0.397068 -0.194724 0.421000 -0.197014 0.445139 -0.198745 0.469428 -0.199901 0.493806 -0.200473 0.518213 -0.200454 0.542587 -0.199847 0.566867 -0.198655 0.590993 -0.196889 0.614907 -0.194565 0.638556 -0.191704 0.661888 -0.188330 0.684858 -0.184471 0.707424 -0.180160 0.729550 -0.175428 0.751205 -0.170312 0.772363 -0.164849 0.793005 -0.159075 0.813115 -0.153027 0.832683 -0.146741 0.851703 -0.140252 0.870172 -0.133592 0.888092 -0.126794 0.905467 -0.119887 0.922304 -0.112897 0.938613 -0.105849 0.954403 -0.098766 0.969688 -0.091668 0.984481 -0.084573 0.998796 -0.077498 1.012647 -0.070456 1.026050 -0.063461 1.039020 -0.056523 1.051571 -0.049650 1.063721 -0.042853 1.075482 -0.036136 1.086869 -0.029506 
-0.071297 -0.049977 -0.059791 -0.056704 -0.047915 -0.063511 -0.035656 -0.070390 -0.022999 -0.077335 -0.009931 -0.084338 0.003562 -0.091388 0.017495 -0.098473 0.031881 -0.105582 0.046734 -0.112698 0.062067 -0.119807 0.077890 -0.126889 0.094214 -0.133924 0.111049 -0.140889 0.128402 -0.147760 0.146279 -0.154510 0.164681 -0.161111 0.183608 -0.167531 0.203058 -0.173740 0.223023 -0.179703 0.243491 -0.185385 0.264446 -0.190753 0.285869 -0.195770 0.307734 -0.200403 0.330011 -0.204616 0.352666 -0.208379 0.375657 -0.211662 0.398943 -0.214438 0.422474 -0.216684 0.446199 -0.218381 0.470065 -0.219514 0.494014 -0.220075 0.517991 -0.220056 0.541936 -0.219459 0.565793 -0.218288 0.589505 -0.216555 0.613020 -0.214274 0.636284 -0.211464 0.659252 -0.208149 0.681878 -0.204355 0.704124 -0.200113 0.725955 -0.195453 0.747342 -0.190411 0.768258 -0.185020 0.788685 -0.179316 0.808606 -0.173334 0.828010 -0.167108 0.846891 -0.160672 0.865246 -0.154058 0.883072 -0.147296 0.900375 -0.140414 0.917160 -0.133440 0.933432 -0.126398 0.949203 -0.119310 0.964482 -0.112197 0.979282 -0.105077 0.993615 -0.097965 1.007494 -0.090879 1.020934 -0.083828 1.033949 -0.076827 1.046551 -0.069883 1.058757 -0.063006 1.070579 -0.056203 1.082033 -0.049479 
-0.066387 -0.069521 -0.054820 -0.076323 -0.042888 -0.083198 -0.030578 -0.090139 -0.017877 -0.097137 -0.004771 -0.104184 0.008752 -0.111269 0.022706 -0.118382 0.037103 -0.125507 0.051955 -0.132630 0.067273 -0.139735 0.083068 -0.146803 0.099348 -0.153814 0.116122 -0.160744 0.133394 -0.167572 0.151170 -0.174268 0.169450 -0.180807 0.188233 -0.187159 0.207514 -0.193292 0.227285 -0.199175 0.247534 -0.204774 0.268246 -0.210056 0.289399 -0.214988 0.310970 -0.219536 0.332929 -0.223670 0.355243 -0.227358 0.377875 -0.230574 0.400782 -0.233291 0.423919 -0.235489 0.447238 -0.237148 0.470689 -0.238256 0.494218 -0.238802 0.517773 -0.238783 0.541298 -0.238198 0.564740 -0.237053 0.588048 -0.235356 0.611169 -0.233123 0.634056 -0.230370 0.656664 -0.227121 0.678951 -0.223400 0.700880 -0.219237 0.722418 -0.214659 0.743536 -0.209700 0.764209 -0.204394 0.784418 -0.198771 0.804147 -0.192868 0.823383 -0.186715 0.842120 -0.180346 0.860353 -0.173792 0.878081 -0.167081 0.895304 -0.160242 0.912027 -0.153301 0.928256 -0.146281 0.943999 -0.139205 0.959265 -0.132094 0.974064 -0.124965 0.988408 -0.117836 1.002309 -0.110721 1.015779 -0.103635 1.028831 -0.096587 1.041479 -0.089589 1.053736 -0.082649 1.065614 -0.075776 1.077128 -0.068976 
-0.061419 -0.088590 -0.049798 -0.095452 -0.037816 -0.102380 -0.025461 -0.109366 -0.012721 -0.116402 0.000416 -0.123477 0.013963 -0.130582 0.027930 -0.137704 0.042331 -0.144830 0.057174 -0.151944 0.072470 -0.159030 0.088229 -0.166069 0.104458 -0.173041 0.121163 -0.179923 0.138348 -0.186692 0.156017 -0.193323 0.174170 -0.199788 0.192803 -0.206059 0.211911 -0.212106 0.231485 -0.217898 0.251514 -0.223404 0.271981 -0.228593 0.292866 -0.233431 0.314145 -0.237889 0.335789 -0.241936 0.357768 -0.245544 0.380045 -0.248688 0.402581 -0.251342 0.425332 -0.253488 0.448254 -0.255107 0.471299 -0.256187 0.494418 -0.256719 0.517560 -0.256700 0.540675 -0.256128 0.563712 -0.255009 0.586622 -0.253352 0.609358 -0.251170 0.631874 -0.248479 0.654128 -0.245300 0.676081 -0.241659 0.697697 -0.237579 0.718944 -0.233091 0.739794 -0.228224 0.760224 -0.223010 0.780213 -0.217479 0.799746 -0.211664 0.818811 -0.205596 0.837399 -0.199306 0.855505 -0.192824 0.873126 -0.186177 0.890263 -0.179394 0.906919 -0.172500 0.923097 -0.165517 0.938804 -0.158469 0.954049 -0.151375 0.968840 -0.144254 0.983188 -0.137123 0.997103 -0.129997 1.010596 -0.122889 1.023680 -0.115811 1.036367 -0.108774 1.048669 -0.101789 1.060598 -0.094862 1.072167 -0.088001 
-0.056407 -0.107189 -0.044735 -0.114097 -0.032708 -0.121063 -0.020314 -0.128080 -0.007542 -0.135137 0.005620 -0.142227 0.019183 -0.149337 0.033157 -0.156455 0.047553 -0.163567 0.062381 -0.170658 0.077648 -0.177711 0.093364 -0.184707 0.109534 -0.191627 0.126163 -0.198449 0.143255 -0.205149 0.160812 -0.211703 0.178831 -0.218084 0.197310 -0.224264 0.216242 -0.230217 0.235617 -0.235911 0.255424 -0.241317 0.275647 -0.246405 0.296264 -0.251145 0.317254 -0.255507 0.338588 -0.259464 0.360237 -0.262988 0.382166 -0.266056 0.404337 -0.268645 0.426712 -0.270736 0.449246 -0.272314 0.471895 -0.273366 0.494613 -0.273884 0.517353 -0.273864 0.540067 -0.273306 0.562708 -0.272214 0.585231 -0.270597 0.607590 -0.268468 0.629743 -0.265842 0.651650 -0.262738 0.673274 -0.259179 0.694580 -0.255189 0.715538 -0.250795 0.736122 -0.246025 0.756308 -0.240909 0.776077 -0.235477 0.795412 -0.229759 0.814301 -0.223784 0.832736 -0.217582 0.850710 -0.211182 0.868219 -0.204611 0.885264 -0.197896 0.901844 -0.191060 0.917964 -0.184128 0.933629 -0.177121 0.948846 -0.170058 0.963622 -0.162959 0.977966 -0.155840 0.991888 -0.148716 1.005398 -0.141602 1.018507 -0.134509 1.031227 -0.127449 1.043568 -0.120431 1.055543 -0.113465 1.067162 -0.106557 
-0.051360 -0.125324 -0.039643 -0.132264 -0.027577 -0.139255 -0.015150 -0.146289 -0.002352 -0.153356 0.010829 -0.160446 0.024401 -0.167547 0.038375 -0.174648 0.052761 -0.181734 0.067565 -0.188789 0.082797 -0.195797 0.098463 -0.202740 0.114567 -0.209597 0.131115 -0.216348 0.148107 -0.222969 0.165545 -0.229436 0.183427 -0.235725 0.201748 -0.241809 0.220501 -0.247659 0.239676 -0.253250 0.259261 -0.258550 0.279239 -0.263533 0.299591 -0.268170 0.320294 -0.272434 0.341323 -0.276297 0.362647 -0.279736 0.384235 -0.282727 0.406050 -0.285249 0.428056 -0.287285 0.450212 -0.288820 0.472475 -0.289843 0.494803 -0.290345 0.517151 -0.290325 0.539475 -0.289781 0.561731 -0.288718 0.583875 -0.287143 0.605866 -0.285067 0.627664 -0.282507 0.649230 -0.279479 0.670530 -0.276005 0.691531 -0.272107 0.712205 -0.267811 0.732524 -0.263143 0.752467 -0.258130 0.772014 -0.252802 0.791149 -0.247186 0.809861 -0.241311 0.828138 -0.235205 0.845976 -0.228896 0.863368 -0.222409 0.880313 -0.215771 0.896813 -0.209005 0.912868 -0.202134 0.928484 -0.195179 0.943665 -0.188160 0.958419 -0.181095 0.972752 -0.174001 0.986675 -0.166894 1.000195 -0.159786 1.013323 -0.152691 1.026069 -0.145621 1.038444 -0.138585 1.050458 -0.131592 1.062122 -0.124651 
-0.046287 -0.143002 -0.034532 -0.149962 -0.022432 -0.156966 -0.009978 -0.164004 0.002841 -0.171068 0.016033 -0.178146 0.029609 -0.185227 0.043576 -0.192299 0.057944 -0.199347 0.072719 -0.206356 0.087908 -0.213309 0.103517 -0.220187 0.119550 -0.226972 0.136010 -0.233643 0.152898 -0.240178 0.170213 -0.246552 0.187953 -0.252742 0.206112 -0.258722 0.224684 -0.264466 0.243657 -0.269948 0.263020 -0.275140 0.282755 -0.280015 0.302843 -0.284547 0.323264 -0.288710 0.343992 -0.292478 0.364997 -0.295830 0.386251 -0.298743 0.407719 -0.301198 0.429365 -0.303178 0.451152 -0.304671 0.473039 -0.305664 0.494987 -0.306153 0.516954 -0.306132 0.538899 -0.305602 0.560779 -0.304567 0.582555 -0.303033 0.604187 -0.301013 0.625638 -0.298519 0.646871 -0.295568 0.667853 -0.292180 0.688554 -0.288375 0.708945 -0.284179 0.729002 -0.279614 0.748703 -0.274708 0.768028 -0.269487 0.786963 -0.263978 0.805494 -0.258209 0.823611 -0.252205 0.841307 -0.245993 0.858577 -0.239598 0.875419 -0.233045 0.891831 -0.226357 0.907816 -0.219556 0.923376 -0.212664 0.938515 -0.205699 0.953240 -0.198679 0.967556 -0.191622 0.981472 -0.184542 0.994996 -0.177453 1.008137 -0.170369 1.020903 -0.163301 1.033306 -0.156259 1.045353 -0.149252 1.057057 -0.142290 
-0.041199 -0.160230 -0.029409 -0.167200 -0.017281 -0.174205 -0.004806 -0.181236 0.008027 -0.188285 0.021225 -0.195341 0.034797 -0.202391 0.048751 -0.209424 0.063095 -0.216423 0.077834 -0.223376 0.092974 -0.230265 0.108521 -0.237071 0.124476 -0.243776 0.140843 -0.250360 0.157621 -0.256801 0.174810 -0.263076 0.192404 -0.269162 0.210400 -0.275035 0.228788 -0.280669 0.247559 -0.286039 0.266699 -0.291120 0.286193 -0.295886 0.306021 -0.300311 0.326163 -0.304372 0.346594 -0.308046 0.367288 -0.311311 0.388215 -0.314145 0.409343 -0.316533 0.430639 -0.318458 0.452066 -0.319908 0.473588 -0.320873 0.495167 -0.321347 0.516764 -0.321325 0.538339 -0.320809 0.559854 -0.319802 0.581271 -0.318311 0.602553 -0.316345 0.623665 -0.313917 0.644571 -0.311043 0.665242 -0.307741 0.685647 -0.304031 0.705761 -0.299935 0.725558 -0.295475 0.745018 -0.290677 0.764122 -0.285566 0.782855 -0.280168 0.801204 -0.274507 0.819158 -0.268609 0.836710 -0.262499 0.853854 -0.256202 0.870586 -0.249741 0.886907 -0.243139 0.902815 -0.236417 0.918312 -0.229596 0.933404 -0.222693 0.948093 -0.215728 0.962386 -0.208717 0.976289 -0.201675 0.989810 -0.194616 1.002957 -0.187553 1.015738 -0.180498 1.028162 -0.173462 1.040238 -0.166453 1.051976 -0.159481 
-0.036102 -0.177018 -0.024284 -0.183985 -0.012134 -0.190981 0.000357 -0.197996 0.013198 -0.205020 0.026396 -0.212043 0.039959 -0.219053 0.053893 -0.226037 0.068207 -0.232981 0.082904 -0.239869 0.097990 -0.246685 0.113468 -0.253412 0.129341 -0.260031 0.145610 -0.266522 0.162274 -0.272864 0.179332 -0.279035 0.196778 -0.285014 0.214607 -0.290776 0.232811 -0.296297 0.251379 -0.301554 0.270298 -0.306522 0.289552 -0.311177 0.309123 -0.315497 0.328990 -0.319456 0.349130 -0.323035 0.369518 -0.326213 0.390126 -0.328971 0.410923 -0.331292 0.431877 -0.333163 0.452955 -0.334571 0.474122 -0.335507 0.495342 -0.335966 0.516578 -0.335944 0.537795 -0.335443 0.558955 -0.334463 0.580023 -0.333013 0.600964 -0.331101 0.621744 -0.328738 0.642332 -0.325941 0.662698 -0.322724 0.682813 -0.319108 0.702653 -0.315112 0.722193 -0.310758 0.741415 -0.306070 0.760298 -0.301070 0.778829 -0.295783 0.796994 -0.290234 0.814783 -0.284445 0.832187 -0.278442 0.849201 -0.272248 0.865821 -0.265884 0.882044 -0.259373 0.897870 -0.252736 0.913300 -0.245993 0.928337 -0.239161 0.942986 -0.232259 0.957249 -0.225303 0.971133 -0.218308 0.984646 -0.211289 0.997792 -0.204257 1.010582 -0.197226 1.023022 -0.190205 1.035121 -0.183204 1.046888 -0.176233 
-0.031005 -0.193373 -0.019164 -0.200329 -0.006997 -0.207306 0.005504 -0.214295 0.018347 -0.221285 0.031539 -0.228267 0.045087 -0.235228 0.058996 -0.242156 0.073273 -0.249035 0.087923 -0.255852 0.102949 -0.262590 0.118354 -0.269231 0.134139 -0.275758 0.150306 -0.282151 0.166852 -0.288390 0.183776 -0.294455 0.201071 -0.300323 0.218733 -0.305972 0.236752 -0.311379 0.255117 -0.316522 0.273815 -0.321377 0.292832 -0.325922 0.312149 -0.330135 0.331746 -0.333995 0.351601 -0.337480 0.371690 -0.340572 0.391985 -0.343253 0.412459 -0.345509 0.433080 -0.347326 0.453818 -0.348693 0.474640 -0.349602 0.495511 -0.350047 0.516398 -0.350024 0.537266 -0.349536 0.558081 -0.348584 0.578810 -0.347174 0.599418 -0.345315 0.619876 -0.343017 0.640153 -0.340294 0.660220 -0.337163 0.680050 -0.333640 0.699620 -0.329743 0.718908 -0.325495 0.737892 -0.320915 0.756557 -0.316027 0.774886 -0.310853 0.792867 -0.305417 0.810488 -0.299740 0.827743 -0.293846 0.844623 -0.287757 0.861126 -0.281495 0.877247 -0.275081 0.892987 -0.268535 0.908344 -0.261875 0.923322 -0.255121 0.937923 -0.248289 0.952151 -0.241396 0.966011 -0.234456 0.979508 -0.227485 0.992650 -0.220493 1.005442 -0.213494 1.017893 -0.206498 1.030009 -0.199515 1.041799 -0.192554 
-0.025915 -0.209306 -0.014056 -0.216242 -0.001877 -0.223191 0.010629 -0.230145 0.023468 -0.237095 0.036649 -0.244027 0.050175 -0.250932 0.064054 -0.257796 0.078290 -0.264605 0.092887 -0.271344 0.107847 -0.277997 0.123174 -0.284548 0.138868 -0.290979 0.154928 -0.297271 0.171353 -0.303404 0.188140 -0.309359 0.205283 -0.315115 0.222776 -0.320649 0.240609 -0.325942 0.258772 -0.330970 0.277251 -0.335713 0.296033 -0.340148 0.315099 -0.344256 0.334431 -0.348016 0.354006 -0.351409 0.373802 -0.354417 0.393793 -0.357024 0.413952 -0.359216 0.434250 -0.360980 0.454657 -0.362307 0.475143 -0.363189 0.495676 -0.363619 0.516223 -0.363597 0.536753 -0.363122 0.557233 -0.362196 0.577631 -0.360826 0.597916 -0.359019 0.618060 -0.356784 0.638032 -0.354136 0.657807 -0.351087 0.677358 -0.347655 0.696663 -0.343858 0.715701 -0.339713 0.734451 -0.335242 0.752898 -0.330466 0.771026 -0.325405 0.788821 -0.320082 0.806275 -0.314519 0.823378 -0.308736 0.840122 -0.302755 0.856504 -0.296598 0.872520 -0.290284 0.888169 -0.283832 0.903449 -0.277262 0.918362 -0.270591 0.932911 -0.263836 0.947098 -0.257012 0.960928 -0.250134 0.974405 -0.243217 0.987535 -0.236274 1.000325 -0.229315 1.012780 -0.222352 1.024909 -0.215396 1.036717 -0.208454 
