# 64x64 grid, rows=v, cols=u, each entry 'x y' in normalized image coords
-0.032456 1.217940 -0.020353 1.224835 -0.007927 1.231737 0.004829 1.238638 0.017920 1.245525 0.031354 1.252390 0.045135 1.259220 0.059268 1.266003 0.073757 1.272726 0.088607 1.279374 0.103818 1.285932 0.119392 1.292383 0.135331 1.298711 0.151632 1.304899 0.168293 1.310927 0.185311 1.316776 0.202680 1.322428 0.220393 1.327861 0.238440 1.333055 0.256811 1.337991 0.275493 1.342646 0.294470 1.347002 0.313727 1.351038 0.333243 1.354735 0.352999 1.358076 0.372970 1.361044 0.393133 1.363622 0.413461 1.365799 0.433926 1.367561 0.454500 1.368899 0.475152 1.369807 0.495852 1.370278 0.516568 1.370310 0.537269 1.369903 0.557925 1.369059 0.578503 1.367783 0.598975 1.366083 0.619310 1.363967 0.639482 1.361449 0.659464 1.358539 0.679231 1.355256 0.698760 1.351614 0.718030 1.347632 0.737021 1.343328 0.755718 1.338722 0.774104 1.333835 0.792168 1.328686 0.809896 1.323297 0.827282 1.317687 0.844316 1.311877 0.860994 1.305887 0.877311 1.299734 0.893265 1.293440 0.908856 1.287019 0.924082 1.280492 0.938946 1.273872 0.953450 1.267175 0.967598 1.260416 0.981392 1.253609 0.994838 1.246765 1.007942 1.239897 1.020708 1.233014 1.033145 1.226129 1.045258 1.219249 
-0.037469 1.201624 -0.025378 1.208530 -0.012958 1.215449 -0.000201 1.222373 0.012899 1.229291 0.026350 1.236193 0.040157 1.243068 0.054326 1.249901 0.068862 1.256682 0.083767 1.263394 0.099047 1.270022 0.114703 1.276550 0.130735 1.282961 0.147144 1.289236 0.163927 1.295356 0.181081 1.301301 0.198601 1.307051 0.216481 1.312585 0.234710 1.317881 0.253279 1.322918 0.272175 1.327674 0.291381 1.332128 0.310881 1.336259 0.330655 1.340046 0.350681 1.343470 0.370936 1.346514 0.391394 1.349161 0.412026 1.351396 0.432804 1.353207 0.453697 1.354582 0.474673 1.355515 0.495699 1.355999 0.516743 1.356031 0.537771 1.355612 0.558751 1.354744 0.579649 1.353433 0.600433 1.351686 0.621073 1.349513 0.641540 1.346928 0.661806 1.343943 0.681844 1.340577 0.701631 1.336846 0.721145 1.332770 0.740367 1.328368 0.759277 1.323663 0.777862 1.318674 0.796108 1.313424 0.814005 1.307934 0.831542 1.302226 0.848713 1.296320 0.865513 1.290238 0.881938 1.283998 0.897987 1.277621 0.913659 1.271124 0.928954 1.264525 0.943876 1.257841 0.958426 1.251086 0.972609 1.244276 0.986429 1.237424 0.999893 1.230542 1.013006 1.223644 1.025774 1.216738 1.038205 1.209835 1.050306 1.202944 
-0.042482 1.184883 -0.030408 1.191791 -0.017999 1.198718 -0.005245 1.205657 0.007859 1.212597 0.021322 1.219529 0.035149 1.226439 0.049349 1.233317 0.063925 1.240149 0.078883 1.246919 0.094227 1.253612 0.109958 1.260212 0.126080 1.266701 0.142593 1.273058 0.159494 1.279267 0.176782 1.285306 0.194451 1.291152 0.212496 1.296786 0.230907 1.302183 0.249674 1.307322 0.268784 1.312179 0.288221 1.316732 0.307968 1.320958 0.328003 1.324837 0.348305 1.328346 0.368849 1.331468 0.389608 1.334185 0.410552 1.336480 0.431650 1.338340 0.452871 1.339753 0.474179 1.340712 0.495542 1.341209 0.516923 1.341242 0.538288 1.340811 0.559600 1.339919 0.580826 1.338571 0.601931 1.336776 0.622883 1.334544 0.643652 1.331890 0.664207 1.328828 0.684522 1.325377 0.704571 1.321556 0.724332 1.317385 0.743785 1.312885 0.762911 1.308079 0.781695 1.302989 0.800123 1.297638 0.818185 1.292049 0.835872 1.286244 0.853177 1.280246 0.870096 1.274074 0.886626 1.267752 0.902765 1.261296 0.918513 1.254728 0.933873 1.248063 0.948846 1.241320 0.963437 1.234515 0.977651 1.227660 0.991492 1.220771 1.004968 1.213860 1.018085 1.206938 1.030849 1.200016 1.043270 1.193105 1.055353 1.186212 
-0.047488 1.167708 -0.035436 1.174607 -0.023042 1.181533 -0.010297 1.188478 0.002805 1.195432 0.016275 1.202384 0.030118 1.209323 0.044342 1.216237 0.058953 1.223112 0.073958 1.229933 0.089360 1.236685 0.105163 1.243350 0.121370 1.249911 0.137982 1.256348 0.154997 1.262641 0.172415 1.268769 0.190232 1.274710 0.208440 1.280441 0.227031 1.285938 0.245996 1.291178 0.265321 1.296135 0.284990 1.300787 0.304986 1.305111 0.325287 1.309081 0.345870 1.312678 0.366708 1.315879 0.387775 1.318667 0.409038 1.321023 0.430465 1.322934 0.452022 1.324386 0.473672 1.325371 0.495380 1.325882 0.517108 1.325917 0.538818 1.325473 0.560473 1.324555 0.582035 1.323170 0.603470 1.321325 0.624742 1.319033 0.645818 1.316309 0.666669 1.313169 0.687265 1.309632 0.707580 1.305720 0.727591 1.301452 0.747277 1.296854 0.766618 1.291947 0.785601 1.286757 0.804210 1.281307 0.822436 1.275620 0.840271 1.269722 0.857707 1.263633 0.874740 1.257377 0.891370 1.250975 0.907594 1.244447 0.923414 1.237813 0.938832 1.231090 0.953853 1.224296 0.968480 1.217446 0.982718 1.210555 0.996575 1.203637 1.010057 1.196705 1.023172 1.189770 1.035928 1.182842 1.048332 1.175931 1.060394 1.169045 
-0.052478 1.150090 -0.040452 1.156971 -0.028080 1.163886 -0.015350 1.170827 -0.002255 1.177784 0.011215 1.184747 0.025068 1.191705 0.039312 1.198645 0.053953 1.205555 0.068998 1.212419 0.084453 1.219222 0.100322 1.225946 0.116608 1.232573 0.133314 1.239083 0.150440 1.245456 0.167985 1.251670 0.185944 1.257701 0.204313 1.263526 0.223084 1.269121 0.242246 1.274460 0.261786 1.279518 0.281689 1.284269 0.301936 1.288689 0.322506 1.292753 0.343374 1.296437 0.364513 1.299719 0.385893 1.302579 0.407483 1.304998 0.429247 1.306960 0.451149 1.308453 0.473151 1.309465 0.495214 1.309990 0.517299 1.310025 0.539364 1.309569 0.561370 1.308625 0.583278 1.307201 0.605050 1.305305 0.626649 1.302952 0.648040 1.300156 0.669192 1.296937 0.690074 1.293314 0.710658 1.289309 0.730922 1.284945 0.750841 1.280248 0.770399 1.275242 0.789580 1.269952 0.808369 1.264405 0.826756 1.258624 0.844734 1.252635 0.862297 1.246460 0.879442 1.240125 0.896166 1.233650 0.912470 1.227055 0.928357 1.220362 0.943828 1.213588 0.958890 1.206750 0.973546 1.199865 0.987804 1.192948 1.001670 1.186010 1.015153 1.179066 1.028261 1.172128 1.041002 1.165204 1.053385 1.158304 1.065420 1.151436 
-0.057445 1.132024 -0.045452 1.138875 -0.033105 1.145768 -0.020395 1.152693 -0.007312 1.159642 0.006152 1.166606 0.020009 1.173572 0.034265 1.180529 0.048929 1.187464 0.064009 1.194362 0.079510 1.201207 0.095439 1.207981 0.111800 1.214666 0.128595 1.221243 0.145826 1.227689 0.163493 1.233983 0.181592 1.240100 0.200118 1.246017 0.219066 1.251706 0.238423 1.257142 0.258179 1.262299 0.278316 1.267149 0.298817 1.271665 0.319659 1.275822 0.340816 1.279594 0.362261 1.282957 0.383963 1.285890 0.405886 1.288373 0.427996 1.290388 0.450252 1.291921 0.472615 1.292962 0.495044 1.293501 0.517494 1.293536 0.539924 1.293068 0.562292 1.292097 0.584554 1.290633 0.606672 1.288687 0.628606 1.286271 0.650319 1.283403 0.671777 1.280103 0.692949 1.276393 0.713806 1.272295 0.734324 1.267836 0.754479 1.263041 0.774253 1.257936 0.793629 1.252550 0.812596 1.246907 0.831142 1.241036 0.849260 1.234961 0.866946 1.228706 0.884196 1.222297 0.901010 1.215755 0.917389 1.209102 0.933335 1.202358 0.948854 1.195542 0.963950 1.188670 0.978630 1.181759 0.992900 1.174824 1.006770 1.167879 1.020248 1.160934 1.033343 1.154002 1.046064 1.147093 1.058421 1.140215 1.070424 1.133377 
-0.062381 1.113502 -0.050424 1.120311 -0.038109 1.127170 -0.025424 1.134067 -0.012360 1.140997 0.001094 1.147949 0.014947 1.154912 0.029210 1.161875 0.043891 1.168824 0.058998 1.175745 0.074540 1.182622 0.090523 1.189437 0.106951 1.196172 0.123830 1.202807 0.141161 1.209319 0.158944 1.215686 0.177178 1.221884 0.195859 1.227886 0.214980 1.233666 0.234532 1.239197 0.254502 1.244450 0.274874 1.249396 0.295630 1.254008 0.316746 1.258257 0.338197 1.262117 0.359954 1.265562 0.381982 1.268569 0.404248 1.271116 0.426711 1.273184 0.449331 1.274758 0.472065 1.275827 0.494868 1.276381 0.517695 1.276417 0.540501 1.275935 0.563239 1.274938 0.585865 1.273434 0.608337 1.271435 0.630613 1.268957 0.652654 1.266016 0.674424 1.262635 0.695890 1.258838 0.717023 1.254648 0.737796 1.250094 0.758187 1.245203 0.778176 1.240003 0.797748 1.234522 0.816889 1.228789 0.835590 1.222832 0.853844 1.216676 0.871647 1.210348 0.888997 1.203872 0.905895 1.197272 0.922342 1.190569 0.938343 1.183783 0.953901 1.176934 0.969026 1.170039 0.983722 1.163114 0.998000 1.156173 1.011867 1.149230 1.025334 1.142296 1.038410 1.135384 1.051105 1.128501 1.063431 1.121657 1.075397 1.114861 
-0.067275 1.094518 -0.055360 1.101274 -0.043081 1.108084 -0.030428 1.114942 -0.017389 1.121839 -0.003952 1.128766 0.009892 1.135713 0.024155 1.142669 0.038846 1.149620 0.053975 1.156552 0.069550 1.163449 0.085579 1.170295 0.102069 1.177070 0.119024 1.183753 0.136448 1.190323 0.154343 1.196756 0.172707 1.203027 0.191538 1.209109 0.210830 1.214974 0.230573 1.220595 0.250757 1.225940 0.271364 1.230980 0.292376 1.235685 0.313769 1.240025 0.335518 1.243972 0.357590 1.247499 0.379953 1.250579 0.402567 1.253190 0.425392 1.255312 0.448385 1.256928 0.471499 1.258024 0.494688 1.258593 0.517902 1.258630 0.541092 1.258134 0.564211 1.257110 0.587211 1.255566 0.610045 1.253515 0.632671 1.250973 0.655046 1.247960 0.677133 1.244499 0.698897 1.240616 0.720308 1.236336 0.741339 1.231689 0.761965 1.226704 0.782168 1.221412 0.801932 1.215841 0.821244 1.210023 0.840096 1.203986 0.858481 1.197757 0.876396 1.191363 0.893840 1.184829 0.910814 1.178180 0.927323 1.171437 0.943371 1.164621 0.958963 1.157750 0.974109 1.150843 0.988816 1.143916 1.003093 1.136981 1.016951 1.130054 1.030401 1.123144 1.043452 1.116264 1.056116 1.109421 1.068404 1.102624 1.080329 1.095882 
-0.072118 1.075069 -0.060249 1.081756 -0.048013 1.088504 -0.035396 1.095307 -0.022387 1.102158 -0.008974 1.109046 0.004854 1.115964 0.019110 1.122898 0.033805 1.129838 0.048947 1.136769 0.064549 1.143674 0.080618 1.150537 0.097161 1.157340 0.114186 1.164061 0.131697 1.170678 0.149697 1.177167 0.168186 1.183503 0.187162 1.189657 0.206620 1.195601 0.226552 1.201304 0.246946 1.206737 0.267787 1.211866 0.289056 1.216662 0.310729 1.221091 0.332778 1.225123 0.355172 1.228729 0.377874 1.231881 0.400844 1.234556 0.424040 1.236730 0.447414 1.238387 0.470919 1.239512 0.494503 1.240096 0.518114 1.240133 0.541700 1.239624 0.565209 1.238573 0.588591 1.236990 0.611796 1.234887 0.634779 1.232283 0.657494 1.229198 0.679903 1.225658 0.701969 1.221690 0.723660 1.217322 0.744948 1.212586 0.765809 1.207512 0.786224 1.202132 0.806177 1.196478 0.825656 1.190581 0.844654 1.184472 0.863164 1.178178 0.881184 1.171728 0.898716 1.165146 0.915761 1.158459 0.932324 1.151688 0.948411 1.144854 0.964030 1.137975 0.979190 1.131069 0.993900 1.124152 1.008170 1.117238 1.022013 1.110340 1.035438 1.103468 1.048459 1.096634 1.061087 1.089845 1.073333 1.083110 1.085209 1.076436 
-0.076899 1.055150 -0.065082 1.061753 -0.052892 1.068425 -0.040318 1.075158 -0.027345 1.081947 -0.013962 1.088782 -0.000156 1.095654 0.014087 1.102553 0.028777 1.109466 0.043926 1.116379 0.059546 1.123278 0.075647 1.130146 0.092237 1.136963 0.109324 1.143709 0.126915 1.150361 0.145013 1.156895 0.163620 1.163285 0.182735 1.169501 0.202355 1.175515 0.222471 1.181295 0.243074 1.186808 0.264148 1.192022 0.285674 1.196902 0.307627 1.201415 0.329980 1.205528 0.352699 1.209211 0.375746 1.212433 0.399080 1.215169 0.422654 1.217395 0.446420 1.219092 0.470324 1.220245 0.494313 1.220842 0.518331 1.220881 0.542323 1.220358 0.566232 1.219281 0.590005 1.217659 0.613589 1.215506 0.636935 1.212841 0.659997 1.209688 0.682732 1.206072 0.705102 1.202023 0.727075 1.197572 0.748621 1.192751 0.769715 1.187593 0.790340 1.182133 0.810478 1.176403 0.830120 1.170436 0.849257 1.164263 0.867886 1.157915 0.886005 1.151420 0.903617 1.144803 0.920724 1.138090 0.937334 1.131304 0.953453 1.124465 0.969091 1.117592 0.984258 1.110703 0.998963 1.103812 1.013220 1.096933 1.027040 1.090080 1.040436 1.083261 1.053420 1.076489 1.066005 1.069769 1.078204 1.063110 1.090029 1.056518 
-0.081606 1.034758 -0.069845 1.041263 -0.057708 1.047842 -0.045181 1.054489 -0.032251 1.061200 -0.018904 1.067964 -0.005126 1.074775 0.009096 1.081621 0.023774 1.088491 0.038923 1.095371 0.054554 1.102248 0.070679 1.109104 0.087307 1.115920 0.104449 1.122676 0.122111 1.129349 0.140300 1.135915 0.159018 1.142346 0.178266 1.148614 0.198042 1.154687 0.218339 1.160533 0.239147 1.166119 0.260452 1.171407 0.282234 1.176365 0.304469 1.180956 0.327128 1.185145 0.350176 1.188899 0.373574 1.192188 0.397277 1.194981 0.421237 1.197256 0.445402 1.198990 0.469715 1.200169 0.494119 1.200780 0.518554 1.200819 0.542960 1.200285 0.567279 1.199184 0.591452 1.197524 0.615422 1.195324 0.639139 1.192602 0.662552 1.189384 0.685617 1.185697 0.708294 1.181573 0.730549 1.177044 0.752352 1.172146 0.773678 1.166913 0.794508 1.161380 0.814828 1.155584 0.834626 1.149557 0.853898 1.143334 0.872638 1.136943 0.890849 1.130415 0.908532 1.123777 0.925695 1.117054 0.942343 1.110268 0.958486 1.103440 0.974135 1.096589 0.989301 1.089732 1.003995 1.082883 1.018231 1.076057 1.032023 1.069265 1.045382 1.062517 1.058324 1.055821 1.070861 1.049187 1.083007 1.042621 1.094776 1.036128 
-0.086229 1.013894 -0.074528 1.020283 -0.062448 1.026752 -0.049974 1.033297 -0.037091 1.039911 -0.023786 1.046587 -0.010044 1.053318 0.004151 1.060093 0.018811 1.066902 0.033951 1.073732 0.049584 1.080568 0.065725 1.087394 0.082383 1.094193 0.099571 1.100942 0.117297 1.107620 0.135568 1.114202 0.154390 1.120660 0.173765 1.126965 0.193690 1.133084 0.214162 1.138984 0.235172 1.144630 0.256704 1.149984 0.278741 1.155010 0.301259 1.159670 0.324225 1.163926 0.347606 1.167745 0.371359 1.171092 0.395438 1.173938 0.419791 1.176256 0.444363 1.178025 0.469093 1.179227 0.493920 1.179851 0.518781 1.179890 0.543612 1.179345 0.568348 1.178221 0.592928 1.176529 0.617292 1.174286 0.641385 1.171514 0.665154 1.168237 0.688552 1.164486 0.711538 1.160295 0.734076 1.155698 0.756135 1.150731 0.777690 1.145433 0.798723 1.139840 0.819218 1.133989 0.839167 1.127916 0.858565 1.121655 0.877410 1.115237 0.895703 1.108693 0.913451 1.102049 0.930660 1.095332 0.947338 1.088563 0.963497 1.081764 0.979149 1.074953 0.994306 1.068146 1.008982 1.061358 1.023190 1.054602 1.036946 1.047889 1.050263 1.041229 1.063157 1.034629 1.075641 1.028098 1.087730 1.021640 1.099437 1.015262 
-0.090753 0.992556 -0.079118 0.998812 -0.067099 1.005154 -0.054682 1.011577 -0.041853 1.018077 -0.028595 1.024646 -0.014894 1.031278 -0.000735 1.037963 0.013900 1.044691 0.029023 1.051450 0.044652 1.058226 0.060799 1.065003 0.077479 1.071764 0.094704 1.078488 0.112485 1.085153 0.130831 1.091733 0.149748 1.098200 0.169241 1.104525 0.189310 1.110675 0.209952 1.116613 0.231158 1.122305 0.252915 1.127710 0.275206 1.132791 0.298004 1.137507 0.321280 1.141820 0.344996 1.145692 0.369108 1.149088 0.393568 1.151978 0.418320 1.154332 0.443305 1.156129 0.468460 1.157351 0.493719 1.157984 0.519013 1.158025 0.544275 1.157471 0.569436 1.156329 0.594430 1.154610 0.619194 1.152331 0.643668 1.149516 0.667797 1.146190 0.691532 1.142387 0.714828 1.138140 0.737648 1.133486 0.759961 1.128465 0.781742 1.123115 0.802972 1.117476 0.823638 1.111587 0.843731 1.105483 0.863248 1.099201 0.882188 1.092773 0.900557 1.086230 0.918360 1.079600 0.935606 1.072907 0.952306 1.066175 0.968472 1.059425 0.984119 1.052673 0.999259 1.045936 1.013909 1.039229 1.028083 1.032562 1.041797 1.025948 1.055066 1.019394 1.067906 1.012908 1.080332 1.006498 1.092359 1.000168 1.104001 0.993922 
-0.095167 0.970748 -0.083599 0.976853 -0.071646 0.983048 -0.059291 0.989331 -0.046520 0.995697 -0.033316 1.002138 -0.019664 1.008650 -0.005545 1.015224 0.009056 1.021850 0.024156 1.028516 0.039771 1.035211 0.055917 1.041918 0.072610 1.048619 0.089863 1.055297 0.107690 1.061926 0.126101 1.068483 0.145106 1.074940 0.164709 1.081265 0.184915 1.087425 0.205719 1.093384 0.227117 1.099103 0.249096 1.104542 0.271638 1.109661 0.294717 1.114416 0.318303 1.118769 0.342356 1.122679 0.366831 1.126110 0.391675 1.129030 0.416831 1.131410 0.442235 1.133226 0.467820 1.134461 0.493515 1.135102 0.519248 1.135143 0.544946 1.134583 0.570538 1.133429 0.595951 1.131691 0.621120 1.129389 0.645979 1.126544 0.670472 1.123184 0.694544 1.119343 0.718151 1.115056 0.741253 1.110363 0.763818 1.105304 0.785822 1.099920 0.807244 1.094254 0.828074 1.088343 0.848304 1.082228 0.867932 1.075946 0.886960 1.069528 0.905394 1.063007 0.923243 1.056411 0.940518 1.049764 0.957231 1.043091 0.973396 1.036410 0.989029 1.029739 1.004145 1.023094 1.018761 1.016489 1.032894 1.009933 1.046560 1.003438 1.059775 0.997011 1.072556 0.990659 1.084920 0.984389 1.096881 0.978205 1.108455 0.972110 
-0.099457 0.948473 -0.087960 0.954408 -0.076076 0.960438 -0.063788 0.966560 -0.051079 0.972770 -0.037934 0.979063 -0.024335 0.985433 -0.010263 0.991873 0.004298 0.998374 0.019366 1.004925 0.034960 1.011514 0.051096 1.018126 0.067793 1.024745 0.085065 1.031351 0.102929 1.037922 0.121397 1.044433 0.140479 1.050855 0.160186 1.057158 0.180519 1.063305 0.201481 1.069261 0.223066 1.074985 0.245262 1.080435 0.268052 1.085568 0.291411 1.090342 0.315307 1.094712 0.339699 1.098639 0.364538 1.102085 0.389770 1.105016 0.415332 1.107405 0.441158 1.109228 0.467175 1.110466 0.493310 1.111110 0.519485 1.111151 0.545623 1.110591 0.571647 1.109434 0.597483 1.107691 0.623059 1.105381 0.648307 1.102524 0.673165 1.099151 0.697577 1.095293 0.721495 1.090989 0.744878 1.086278 0.767692 1.081203 0.789914 1.075808 0.811523 1.070135 0.832511 1.064227 0.852870 1.058124 0.872601 1.051864 0.891708 1.045480 0.910199 1.039004 0.928085 1.032466 0.945379 1.025890 0.962095 1.019299 0.978251 1.012711 0.993862 1.006146 1.008947 0.999616 1.023523 0.993135 1.037608 0.986712 1.051220 0.980358 1.064376 0.974080 1.077094 0.967883 1.089390 0.961773 1.101282 0.955754 1.112785 0.949830 
-0.103608 0.925738 -0.092185 0.931483 -0.080373 0.937327 -0.068154 0.943267 -0.055513 0.949300 -0.042431 0.955422 -0.028891 0.961627 -0.014873 0.967909 -0.000358 0.974260 0.014671 0.980671 0.030236 0.987129 0.046355 0.993620 0.063046 1.000130 0.080330 1.006639 0.098221 1.013124 0.116736 1.019562 0.135888 1.025922 0.155689 1.032175 0.176144 1.038283 0.197256 1.044209 0.219022 1.049910 0.241431 1.055343 0.264468 1.060463 0.288106 1.065224 0.312312 1.069583 0.337043 1.073498 0.362248 1.076931 0.387868 1.079848 0.413838 1.082223 0.440085 1.084033 0.466534 1.085263 0.493106 1.085901 0.519721 1.085943 0.546297 1.085389 0.572754 1.084242 0.599012 1.082513 0.624995 1.080217 0.650633 1.077376 0.675857 1.074015 0.700610 1.070170 0.724839 1.065877 0.748501 1.061177 0.771564 1.056116 0.793999 1.050737 0.815791 1.045086 0.836929 1.039208 0.857410 1.033144 0.877236 1.026932 0.896412 1.020609 0.914951 1.014206 0.932865 1.007752 0.950169 1.001273 0.966881 0.994790 0.983018 0.988323 0.998601 0.981888 1.013646 0.975498 1.028176 0.969166 1.042207 0.962901 1.055759 0.956711 1.068852 0.950604 1.081502 0.944584 1.093728 0.938655 1.105547 0.932822 1.116976 0.927087 
-0.107607 0.902550 -0.096259 0.908086 -0.084521 0.913723 -0.072376 0.919460 -0.059805 0.925293 -0.046791 0.931220 -0.033314 0.937236 -0.019354 0.943335 -0.004893 0.949510 0.010092 0.955753 0.025621 0.962052 0.041713 0.968396 0.058392 0.974767 0.075677 0.981149 0.093587 0.987519 0.112141 0.993853 0.131354 1.000122 0.151241 1.006293 0.171810 1.012330 0.193066 1.018193 0.215009 1.023838 0.237629 1.029219 0.260911 1.034290 0.284827 1.039003 0.309344 1.043312 0.334415 1.047177 0.359986 1.050559 0.385993 1.053426 0.412367 1.055755 0.439030 1.057527 0.465905 1.058729 0.492907 1.059354 0.519954 1.059397 0.546960 1.058858 0.573843 1.057740 0.600518 1.056050 0.626907 1.053800 0.652933 1.051009 0.678524 1.047700 0.703618 1.043905 0.728158 1.039661 0.752101 1.035009 0.775408 1.029996 0.798055 1.024668 0.820024 1.019073 0.841307 1.013256 0.861902 1.007262 0.881814 1.001131 0.901053 0.994899 0.919630 0.988599 0.937562 0.982259 0.954868 0.975906 0.971567 0.969561 0.987679 0.963241 1.003224 0.956964 1.018225 0.950741 1.032701 0.944584 1.046673 0.938502 1.060161 0.932501 1.073186 0.926588 1.085765 0.920767 1.097918 0.915042 1.109662 0.909416 1.121014 0.903889 
-0.111437 0.878920 -0.100167 0.884226 -0.088505 0.889635 -0.076435 0.895146 -0.063938 0.900756 -0.050994 0.906464 -0.037584 0.912265 -0.023689 0.918155 -0.009285 0.924127 0.005649 0.930174 0.021134 0.936286 0.037194 0.942450 0.053852 0.948653 0.071130 0.954876 0.089051 0.961098 0.107635 0.967295 0.126901 0.973437 0.146866 0.979492 0.167543 0.985422 0.188939 0.991184 0.211055 0.996733 0.233884 1.002022 0.257410 1.006999 0.281606 1.011618 0.306434 1.015829 0.331846 1.019593 0.357782 1.022875 0.384173 1.025646 0.410944 1.027886 0.438015 1.029585 0.465300 1.030734 0.492717 1.031331 0.520179 1.031375 0.547600 1.030865 0.574895 1.029801 0.601977 1.028185 0.628765 1.026024 0.655175 1.023331 0.681133 1.020122 0.706568 1.016427 0.731422 1.012280 0.755644 1.007722 0.779197 1.002801 0.802053 0.997565 0.824196 0.992064 0.845619 0.986347 0.866322 0.980460 0.886313 0.974443 0.905604 0.968337 0.924212 0.962173 0.942155 0.955981 0.959454 0.949785 0.976131 0.943608 0.992210 0.937467 1.007712 0.931377 1.022661 0.925349 1.037079 0.919395 1.050987 0.913521 1.064407 0.907735 1.077361 0.902041 1.089866 0.896443 1.101943 0.890943 1.113610 0.885545 1.124884 0.880248 
-0.115086 0.854860 -0.103893 0.859916 -0.092309 0.865075 -0.080315 0.870338 -0.067893 0.875701 -0.055023 0.881165 -0.041684 0.886725 -0.027855 0.892378 -0.013514 0.898119 0.001363 0.903941 0.016800 0.909834 0.032821 0.915787 0.049451 0.921788 0.066715 0.927818 0.084638 0.933856 0.103245 0.939880 0.122557 0.945858 0.142595 0.951757 0.163374 0.957538 0.184906 0.963156 0.207193 0.968564 0.230231 0.973710 0.254003 0.978543 0.278482 0.983010 0.303626 0.987065 0.329380 0.990667 0.355679 0.993785 0.382448 0.996399 0.409605 0.998496 0.437063 1.000075 0.464738 1.001138 0.492542 1.001691 0.520390 1.001735 0.548199 1.001271 0.575882 1.000294 0.603355 0.998799 0.630529 0.996782 0.657318 0.994246 0.683640 0.991201 0.709420 0.987666 0.734590 0.983675 0.759095 0.979268 0.782895 0.974491 0.805961 0.969396 0.828276 0.964035 0.849835 0.958461 0.870640 0.952721 0.890704 0.946859 0.910040 0.940915 0.928670 0.934924 0.946616 0.928914 0.963901 0.922911 0.980550 0.916935 0.996589 0.911005 1.012042 0.905132 1.026934 0.899330 1.041288 0.893606 1.055129 0.887969 1.068478 0.882424 1.081358 0.876973 1.093787 0.871622 1.105787 0.866371 1.117376 0.861222 1.128572 0.856175 
-0.118537 0.830386 -0.107422 0.835171 -0.095915 0.840060 -0.083998 0.845050 -0.071653 0.850143 -0.058857 0.855337 -0.045592 0.860630 -0.031833 0.866019 -0.017557 0.871498 -0.002741 0.877064 0.012642 0.882706 0.028618 0.888415 0.045214 0.894178 0.062458 0.899978 0.080377 0.905796 0.099000 0.911606 0.118352 0.917379 0.138457 0.923080 0.159336 0.928666 0.181001 0.934093 0.203461 0.939308 0.226711 0.944256 0.250736 0.948882 0.275503 0.953133 0.300968 0.956960 0.327068 0.960326 0.353729 0.963205 0.380867 0.965585 0.408392 0.967471 0.436211 0.968873 0.464238 0.969809 0.492388 0.970295 0.520580 0.970340 0.548735 0.969943 0.576772 0.969095 0.604607 0.967777 0.632150 0.965973 0.659310 0.963669 0.685995 0.960863 0.712122 0.957565 0.737614 0.953800 0.762409 0.949608 0.786462 0.945035 0.809740 0.940137 0.832227 0.934968 0.853920 0.929584 0.874825 0.924036 0.894956 0.918372 0.914332 0.912633 0.932978 0.906853 0.950919 0.901064 0.968184 0.895290 0.984798 0.889551 1.000792 0.883864 1.016191 0.878242 1.031021 0.872695 1.045309 0.867233 1.059080 0.861860 1.072355 0.856581 1.085159 0.851401 1.097512 0.846320 1.109433 0.841340 1.120945 0.836462 1.132063 0.831687 
-0.121777 0.805516 -0.110738 0.810010 -0.099308 0.814605 -0.087467 0.819302 -0.075198 0.824100 -0.062479 0.828999 -0.049287 0.833997 -0.035600 0.839093 -0.021393 0.844281 -0.006640 0.849558 0.008686 0.854917 0.024612 0.860346 0.041169 0.865836 0.058387 0.871369 0.076298 0.876925 0.094931 0.882481 0.114319 0.888004 0.134488 0.893460 0.155464 0.898804 0.177265 0.903987 0.199902 0.908952 0.223371 0.913642 0.247657 0.917995 0.272724 0.921956 0.298520 0.925475 0.324972 0.928519 0.351994 0.931070 0.379489 0.933132 0.407357 0.934725 0.435499 0.935883 0.463829 0.936643 0.492266 0.937037 0.520740 0.937082 0.549183 0.936779 0.577523 0.936108 0.605682 0.935035 0.633570 0.933523 0.661088 0.931538 0.688136 0.929058 0.714616 0.926081 0.740440 0.922623 0.765536 0.918719 0.789850 0.914418 0.813348 0.909777 0.836012 0.904855 0.857840 0.899714 0.878843 0.894408 0.899037 0.888987 0.918448 0.883496 0.937105 0.877970 0.955036 0.872441 0.972274 0.866933 0.988850 0.861467 1.004793 0.856059 1.020134 0.850721 1.034901 0.845462 1.049120 0.840290 1.062817 0.835210 1.076018 0.830226 1.088745 0.825340 1.101021 0.820554 1.112866 0.815869 1.124299 0.811284 1.135341 0.806800 
-0.124791 0.780270 -0.113825 0.784453 -0.102470 0.788734 -0.090705 0.793114 -0.078511 0.797593 -0.065867 0.802172 -0.052749 0.806849 -0.039134 0.811622 -0.024997 0.816490 -0.010310 0.821447 0.004956 0.826487 0.020830 0.831602 0.037345 0.836780 0.054533 0.842006 0.072430 0.847260 0.091071 0.852518 0.110491 0.857747 0.130723 0.862910 0.151798 0.867961 0.173739 0.872845 0.196559 0.877503 0.220259 0.881870 0.244821 0.885880 0.270204 0.889473 0.296346 0.892600 0.323160 0.895232 0.350543 0.897363 0.378381 0.899013 0.406559 0.900229 0.434974 0.901070 0.463538 0.901600 0.492185 0.901874 0.520859 0.901920 0.549511 0.901738 0.578089 0.901296 0.606521 0.900540 0.634721 0.899406 0.662584 0.897832 0.689994 0.895772 0.716837 0.893206 0.743008 0.890138 0.768421 0.886600 0.793012 0.882640 0.816740 0.878320 0.839588 0.873705 0.861556 0.868860 0.882656 0.863845 0.902913 0.858716 0.922356 0.853518 0.941019 0.848289 0.958937 0.843062 0.976145 0.837861 0.992677 0.832706 1.008568 0.827612 1.023848 0.822591 1.038548 0.817652 1.052697 0.812801 1.066322 0.808043 1.079448 0.803380 1.092099 0.798815 1.104298 0.794348 1.116067 0.789979 1.127425 0.785708 1.138392 0.781535 
-0.127563 0.754671 -0.116669 0.758524 -0.105386 0.762470 -0.093694 0.766511 -0.081574 0.770648 -0.069003 0.774881 -0.055958 0.779211 -0.042415 0.783634 -0.028347 0.788151 -0.013725 0.792756 0.001479 0.797444 0.017299 0.802209 0.033769 0.807038 0.050926 0.811917 0.068807 0.816827 0.087453 0.821742 0.106905 0.826631 0.127200 0.831453 0.148377 0.836160 0.170464 0.840692 0.193480 0.844985 0.217426 0.848967 0.242283 0.852566 0.268004 0.855718 0.294511 0.858373 0.321700 0.860507 0.349444 0.862128 0.377607 0.863280 0.406056 0.864036 0.434681 0.864493 0.463397 0.864745 0.492155 0.864872 0.520926 0.864918 0.549691 0.864882 0.578422 0.864719 0.607065 0.864348 0.635538 0.863672 0.663728 0.862596 0.691502 0.861045 0.718721 0.858975 0.745259 0.856378 0.771010 0.853279 0.795896 0.849729 0.819871 0.845791 0.842913 0.841539 0.865026 0.837045 0.886228 0.832373 0.906548 0.827584 0.926022 0.822725 0.944689 0.817837 0.962590 0.812953 0.979766 0.808098 0.996253 0.803292 1.012088 0.798548 1.027307 0.793879 1.041941 0.789292 1.056019 0.784792 1.069572 0.780383 1.082624 0.776069 1.095201 0.771849 1.107326 0.767724 1.119021 0.763694 1.130306 0.759759 1.141201 0.755916 
-0.130082 0.728745 -0.119255 0.732249 -0.108040 0.735841 -0.096418 0.739522 -0.084368 0.743295 -0.071868 0.747158 -0.058894 0.751114 -0.045420 0.755160 -0.031420 0.759296 -0.016863 0.763518 -0.001719 0.767822 0.014047 0.772200 0.030472 0.776643 0.047595 0.781136 0.065460 0.785660 0.084111 0.790190 0.103594 0.794694 0.123955 0.799128 0.145239 0.803442 0.167481 0.807572 0.190705 0.811447 0.214916 0.814990 0.240092 0.818120 0.266176 0.820769 0.293072 0.822887 0.320652 0.824456 0.348758 0.825499 0.377225 0.826086 0.405899 0.826325 0.434659 0.826347 0.463430 0.826285 0.492185 0.826247 0.520934 0.826293 0.549697 0.826421 0.578483 0.826571 0.607264 0.826634 0.635964 0.826476 0.664461 0.825963 0.692599 0.824988 0.720210 0.823481 0.747138 0.821420 0.773252 0.818822 0.798457 0.815738 0.822697 0.812239 0.845948 0.808403 0.868215 0.804309 0.889523 0.800029 0.909907 0.795626 0.929412 0.791152 0.948083 0.786649 0.965967 0.782150 0.983108 0.777681 0.999550 0.773260 1.015330 0.768902 1.030488 0.764618 1.045055 0.760413 1.059065 0.756294 1.072548 0.752263 1.085529 0.748322 1.098034 0.744472 1.110088 0.740712 1.121713 0.737042 1.132929 0.733461 1.143756 0.729968 
-0.132334 0.702519 -0.121569 0.705657 -0.110418 0.708877 -0.098861 0.712179 -0.086877 0.715565 -0.074444 0.719037 -0.061536 0.722594 -0.048129 0.726236 -0.034194 0.729963 -0.019700 0.733772 -0.004614 0.737659 0.011099 0.741617 0.027480 0.745637 0.044571 0.749706 0.062420 0.753805 0.081076 0.757909 0.100592 0.761984 0.121023 0.765988 0.142419 0.769865 0.164825 0.773550 0.188272 0.776965 0.212768 0.780026 0.238285 0.782648 0.264757 0.784757 0.292067 0.786302 0.320052 0.787274 0.348520 0.787711 0.377268 0.787709 0.406115 0.787410 0.434930 0.786983 0.463650 0.786597 0.492280 0.786388 0.520876 0.786433 0.549514 0.786730 0.578251 0.787202 0.607090 0.787713 0.635965 0.788091 0.664746 0.788166 0.693247 0.787795 0.721266 0.786885 0.748608 0.785394 0.775111 0.783335 0.800658 0.780758 0.825182 0.777738 0.848655 0.774361 0.871085 0.770711 0.892505 0.766866 0.912957 0.762893 0.932494 0.758846 0.951169 0.754769 0.969036 0.750695 0.986144 0.746650 1.002540 0.742651 1.018268 0.738713 1.033365 0.734846 1.047870 0.731055 1.061815 0.727344 1.075230 0.723717 1.088143 0.720175 1.100581 0.716717 1.112569 0.713344 1.124128 0.710054 1.135279 0.706846 1.146043 0.703719 
-0.134307 0.676026 -0.123599 0.678782 -0.112507 0.681611 -0.101009 0.684515 -0.089086 0.687496 -0.076714 0.690554 -0.063868 0.693690 -0.050522 0.696904 -0.036647 0.700196 -0.022212 0.703564 -0.007182 0.707003 0.008482 0.710509 0.024821 0.714073 0.041882 0.717681 0.059716 0.721318 0.078379 0.724956 0.097930 0.728565 0.118432 0.732099 0.139945 0.735504 0.162524 0.738710 0.186205 0.741637 0.211001 0.744195 0.236881 0.746296 0.263762 0.747861 0.291503 0.748841 0.319904 0.749233 0.348727 0.749093 0.377728 0.748536 0.406695 0.747735 0.435486 0.746894 0.464051 0.746210 0.492436 0.745845 0.520755 0.745888 0.549150 0.746338 0.577733 0.747105 0.606549 0.748028 0.635547 0.748905 0.664584 0.749533 0.693443 0.749739 0.721880 0.749406 0.749655 0.748479 0.776568 0.746962 0.802477 0.744905 0.827300 0.742387 0.851007 0.739497 0.873608 0.736325 0.895144 0.732952 0.915667 0.729447 0.935238 0.725866 0.953919 0.722254 0.971770 0.718642 0.988846 0.715056 1.005200 0.711515 1.020876 0.708029 1.035918 0.704609 1.050363 0.701259 1.064246 0.697984 1.077599 0.694786 1.090450 0.691665 1.102827 0.688621 1.114753 0.685654 1.126251 0.682762 1.137343 0.679945 1.148050 0.677200 
-0.135991 0.649297 -0.125333 0.651656 -0.114293 0.654081 -0.102849 0.656570 -0.090979 0.659127 -0.078662 0.661752 -0.065872 0.664447 -0.052581 0.667210 -0.038762 0.670043 -0.024380 0.672943 -0.009400 0.675908 0.006218 0.678932 0.022519 0.682007 0.039553 0.685123 0.057374 0.688263 0.076045 0.691403 0.095633 0.694511 0.116208 0.697545 0.137841 0.700450 0.160595 0.703157 0.184516 0.705584 0.209620 0.707641 0.235871 0.709238 0.263171 0.710296 0.291350 0.710769 0.320165 0.710660 0.349330 0.710035 0.378553 0.709028 0.407589 0.707830 0.436283 0.706664 0.464604 0.705751 0.492643 0.705265 0.520581 0.705306 0.548630 0.705872 0.576971 0.706864 0.605694 0.708107 0.634763 0.709378 0.664025 0.710455 0.693229 0.711144 0.722082 0.711311 0.750296 0.710890 0.777630 0.709879 0.803910 0.708324 0.829040 0.706306 0.852985 0.703915 0.875762 0.701241 0.897415 0.698368 0.918010 0.695363 0.937616 0.692282 0.956304 0.689168 0.974142 0.686053 0.991190 0.682960 1.007504 0.679906 1.023134 0.676902 1.038125 0.673957 1.052516 0.671075 1.066344 0.668260 1.079640 0.665513 1.092435 0.662834 1.104755 0.660223 1.116626 0.657680 1.128071 0.655204 1.139111 0.652792 1.149766 0.650444 
-0.137376 0.622367 -0.126762 0.624318 -0.115766 0.626324 -0.104367 0.628384 -0.092545 0.630502 -0.080275 0.632677 -0.067533 0.634911 -0.054291 0.637205 -0.040519 0.639557 -0.026184 0.641967 -0.011248 0.644432 0.004330 0.646948 0.020598 0.649508 0.037607 0.652103 0.055419 0.654717 0.074100 0.657328 0.093724 0.659909 0.114370 0.662419 0.136119 0.664806 0.159044 0.667006 0.183200 0.668940 0.208605 0.670521 0.235221 0.671663 0.262931 0.672292 0.291534 0.672365 0.320745 0.671890 0.350226 0.670938 0.379637 0.669650 0.408697 0.668220 0.437241 0.666876 0.465258 0.665840 0.492884 0.665291 0.520371 0.665328 0.548009 0.665952 0.576047 0.667061 0.604622 0.668478 0.633718 0.669978 0.663170 0.671332 0.692693 0.672345 0.721945 0.672877 0.750585 0.672855 0.778329 0.672272 0.804974 0.671172 0.830405 0.669629 0.854584 0.667731 0.877531 0.665564 0.899299 0.663207 0.919963 0.660727 0.939604 0.658173 0.958301 0.655587 0.976128 0.652998 0.993151 0.650427 1.009431 0.647889 1.025021 0.645393 1.039967 0.642948 1.054310 0.640557 1.068089 0.638223 1.081336 0.635946 1.094082 0.633728 1.106354 0.631567 1.118178 0.629464 1.129576 0.627417 1.140571 0.625425 1.151182 0.623486 
-0.138454 0.595273 -0.127875 0.596806 -0.116916 0.598381 -0.105555 0.600001 -0.093771 0.601666 -0.081541 0.603377 -0.068838 0.605136 -0.055637 0.606942 -0.041905 0.608796 -0.027609 0.610696 -0.012709 0.612640 0.002835 0.614626 0.019075 0.616648 0.036065 0.618697 0.053870 0.620761 0.072561 0.622822 0.092218 0.624854 0.112930 0.626823 0.134786 0.628684 0.157868 0.630380 0.182239 0.631842 0.207921 0.632991 0.234872 0.633752 0.262958 0.634059 0.291948 0.633876 0.321515 0.633214 0.351271 0.632141 0.380832 0.630789 0.409883 0.629337 0.438250 0.627997 0.465939 0.626973 0.493134 0.626432 0.520152 0.626466 0.547359 0.627074 0.575070 0.628165 0.603470 0.629572 0.632560 0.631089 0.662164 0.632504 0.691965 0.633636 0.721575 0.634353 0.750605 0.634585 0.778726 0.634324 0.805706 0.633605 0.831413 0.632493 0.855807 0.631067 0.878909 0.629405 0.900783 0.627574 0.921511 0.625634 0.941185 0.623630 0.959891 0.621595 0.977709 0.619556 0.994712 0.617531 1.010964 0.615532 1.026519 0.613567 1.041427 0.611642 1.055731 0.609761 1.069469 0.607926 1.082675 0.606137 1.095380 0.604395 1.107613 0.602700 1.119397 0.601049 1.130757 0.599444 1.141715 0.597883 1.152290 0.596363 
-0.139218 0.568054 -0.128667 0.569160 -0.117735 0.570296 -0.106403 0.571465 -0.094649 0.572667 -0.082449 0.573904 -0.069778 0.575174 -0.056608 0.576480 -0.042907 0.577821 -0.028640 0.579196 -0.013770 0.580604 0.001749 0.582042 0.017967 0.583507 0.034942 0.584991 0.052742 0.586486 0.071441 0.587978 0.091128 0.589446 0.111894 0.590865 0.133839 0.592199 0.157052 0.593403 0.181604 0.594421 0.207519 0.595193 0.234750 0.595658 0.263150 0.595764 0.292461 0.595484 0.322319 0.594829 0.352296 0.593856 0.381966 0.592671 0.410988 0.591423 0.439181 0.590281 0.466565 0.589414 0.493363 0.588958 0.519951 0.588987 0.546762 0.589504 0.574169 0.590431 0.602396 0.591633 0.631460 0.592941 0.661177 0.594184 0.691201 0.595213 0.721104 0.595921 0.750456 0.596249 0.778892 0.596188 0.806153 0.595765 0.832092 0.595031 0.856666 0.594049 0.879898 0.592879 0.901859 0.591576 0.922642 0.590187 0.942343 0.588746 0.961057 0.587281 0.978869 0.585812 0.995857 0.584351 1.012085 0.582909 1.027614 0.581493 1.042493 0.580106 1.056765 0.578751 1.070472 0.577429 1.083646 0.576141 1.096320 0.574888 1.108521 0.573668 1.120275 0.572481 1.131606 0.571327 1.142535 0.570205 1.153083 0.569114 
-0.139665 0.540749 -0.129132 0.541422 -0.118219 0.542113 -0.106906 0.542825 -0.095172 0.543557 -0.082993 0.544309 -0.070343 0.545084 -0.057194 0.545880 -0.043515 0.546697 -0.029269 0.547536 -0.014419 0.548395 0.001082 0.549273 0.017285 0.550167 0.034250 0.551074 0.052046 0.551987 0.070752 0.552898 0.090459 0.553794 0.111265 0.554658 0.133274 0.555467 0.156582 0.556192 0.181263 0.556798 0.207346 0.557244 0.234778 0.557493 0.263403 0.557509 0.292943 0.557277 0.323006 0.556804 0.353133 0.556129 0.382871 0.555320 0.411860 0.554476 0.439910 0.553709 0.467053 0.553129 0.493543 0.552827 0.519799 0.552853 0.546302 0.553207 0.573470 0.553839 0.601555 0.554660 0.630587 0.555558 0.660374 0.556419 0.690551 0.557147 0.720661 0.557670 0.750242 0.557950 0.778904 0.557978 0.806366 0.557771 0.832473 0.557363 0.857176 0.556794 0.880502 0.556103 0.902527 0.555326 0.923348 0.554492 0.943069 0.553625 0.961788 0.552741 0.979596 0.551854 0.996572 0.550972 1.012785 0.550101 1.028295 0.549246 1.043153 0.548408 1.057404 0.547590 1.071089 0.546792 1.084242 0.546015 1.096893 0.545258 1.109073 0.544523 1.120807 0.543807 1.132118 0.543112 1.143027 0.542435 1.153556 0.541778 
-0.139790 0.513399 -0.129266 0.513635 -0.118363 0.513877 -0.107060 0.514127 -0.095337 0.514385 -0.083168 0.514650 -0.070529 0.514922 -0.057392 0.515203 -0.043723 0.515491 -0.029489 0.515787 -0.014650 0.516091 0.000842 0.516401 0.017036 0.516718 0.033995 0.517039 0.051789 0.517363 0.070498 0.517686 0.090215 0.518004 0.111042 0.518312 0.133083 0.518600 0.156440 0.518859 0.181189 0.519075 0.207358 0.519235 0.234894 0.519325 0.263634 0.519331 0.293289 0.519249 0.323453 0.519082 0.353651 0.518841 0.383415 0.518554 0.412374 0.518256 0.440336 0.517986 0.467339 0.517785 0.493652 0.517686 0.519718 0.517708 0.546045 0.517851 0.573073 0.518096 0.601072 0.518413 0.630076 0.518759 0.659889 0.519094 0.690138 0.519382 0.720350 0.519597 0.750047 0.519725 0.778824 0.519762 0.806390 0.519714 0.832584 0.519594 0.857353 0.519414 0.880728 0.519191 0.902785 0.518935 0.923625 0.518659 0.943355 0.518370 0.962077 0.518075 0.979882 0.517777 0.996852 0.517481 1.013056 0.517189 1.028555 0.516902 1.043402 0.516620 1.057642 0.516345 1.071314 0.516077 1.084455 0.515817 1.097096 0.515563 1.109264 0.515316 1.120987 0.515076 1.132287 0.514842 1.143187 0.514616 1.153706 0.514395 
-0.139593 0.486043 -0.129069 0.485842 -0.118166 0.485635 -0.106864 0.485423 -0.095140 0.485205 -0.082972 0.484980 -0.070334 0.484750 -0.057197 0.484514 -0.043530 0.484271 -0.029297 0.484023 -0.014458 0.483769 0.001031 0.483510 0.017225 0.483246 0.034182 0.482980 0.051974 0.482713 0.070682 0.482448 0.090398 0.482188 0.111223 0.481940 0.133263 0.481710 0.156618 0.481509 0.181364 0.481346 0.207530 0.481235 0.235061 0.481189 0.263794 0.481216 0.293439 0.481323 0.323591 0.481506 0.353774 0.481753 0.383520 0.482041 0.412460 0.482339 0.440402 0.482612 0.467385 0.482824 0.493677 0.482946 0.519723 0.482964 0.546028 0.482878 0.573037 0.482703 0.601016 0.482470 0.630001 0.482213 0.659798 0.481967 0.690032 0.481764 0.720231 0.481625 0.749920 0.481562 0.778690 0.481577 0.806251 0.481666 0.832441 0.481817 0.857208 0.482017 0.880580 0.482254 0.902635 0.482518 0.923473 0.482798 0.943201 0.483087 0.961921 0.483382 0.979724 0.483676 0.996692 0.483968 1.012894 0.484256 1.028392 0.484539 1.043237 0.484816 1.057475 0.485087 1.071146 0.485350 1.084286 0.485607 1.096925 0.485857 1.109093 0.486100 1.120815 0.486336 1.132114 0.486566 1.143014 0.486790 1.153533 0.487007 
-0.139074 0.458724 -0.128541 0.458087 -0.117628 0.457433 -0.106316 0.456760 -0.094584 0.456068 -0.082406 0.455357 -0.069758 0.454627 -0.056612 0.453876 -0.042935 0.453106 -0.028693 0.452316 -0.013847 0.451508 0.001650 0.450683 0.017849 0.449843 0.034809 0.448993 0.052600 0.448139 0.071302 0.447289 0.091004 0.446455 0.111805 0.445653 0.133809 0.444907 0.157111 0.444243 0.181786 0.443697 0.207858 0.443305 0.235276 0.443105 0.263880 0.443129 0.293391 0.443393 0.323418 0.443888 0.353500 0.444576 0.383187 0.445391 0.412119 0.446238 0.440109 0.447011 0.467191 0.447604 0.493619 0.447932 0.519813 0.447946 0.546254 0.447647 0.573361 0.447084 0.601388 0.446343 0.630365 0.445530 0.660101 0.444753 0.690235 0.444103 0.720309 0.443650 0.749863 0.443428 0.778504 0.443446 0.805951 0.443687 0.832047 0.444119 0.856742 0.444704 0.880061 0.445404 0.902079 0.446185 0.922894 0.447019 0.942608 0.447884 0.961322 0.448764 0.979124 0.449646 0.996094 0.450523 1.012301 0.451388 1.027805 0.452237 1.042658 0.453069 1.056904 0.453881 1.070585 0.454674 1.083733 0.455445 1.096382 0.456196 1.108559 0.456927 1.120290 0.457638 1.131599 0.458329 1.142507 0.459001 1.153035 0.459655 
-0.138235 0.431481 -0.127684 0.430414 -0.116753 0.429316 -0.105422 0.428188 -0.093670 0.427028 -0.081473 0.425836 -0.068805 0.424611 -0.055639 0.423353 -0.041944 0.422062 -0.027683 0.420739 -0.012819 0.419385 0.002692 0.418003 0.018903 0.416597 0.035870 0.415173 0.053661 0.413741 0.072352 0.412315 0.092030 0.410913 0.112788 0.409563 0.134723 0.408299 0.157926 0.407165 0.182465 0.406215 0.208362 0.405509 0.235568 0.405105 0.263934 0.405053 0.293199 0.405377 0.322998 0.406067 0.352901 0.407065 0.382487 0.408266 0.411417 0.409526 0.439512 0.410680 0.466794 0.411565 0.493489 0.412049 0.519975 0.412060 0.546684 0.411597 0.573991 0.410736 0.602121 0.409607 0.631095 0.408375 0.660729 0.407206 0.690682 0.406243 0.720527 0.405591 0.749834 0.405307 0.778235 0.405400 0.805470 0.405845 0.831392 0.406592 0.855950 0.407580 0.879170 0.408750 0.901120 0.410050 0.921891 0.411433 0.941581 0.412866 0.960284 0.414322 0.978086 0.415783 0.995062 0.417234 1.011281 0.418666 1.026800 0.420074 1.041670 0.421452 1.055935 0.422798 1.069634 0.424112 1.082802 0.425392 1.095470 0.426638 1.107666 0.427850 1.119416 0.429030 1.130744 0.430177 1.141670 0.431293 1.152216 0.432379 
-0.137081 0.404355 -0.126503 0.402863 -0.115544 0.401330 -0.104185 0.399754 -0.092405 0.398135 -0.080179 0.396471 -0.067482 0.394762 -0.054287 0.393007 -0.040563 0.391207 -0.026275 0.389363 -0.011385 0.387476 0.004149 0.385551 0.020377 0.383593 0.037356 0.381610 0.055148 0.379615 0.073825 0.377627 0.093470 0.375669 0.114168 0.373778 0.136009 0.371996 0.159074 0.370382 0.183426 0.369002 0.209082 0.367933 0.235997 0.367250 0.264036 0.367014 0.292962 0.367260 0.322448 0.367976 0.352106 0.369090 0.381553 0.370475 0.410477 0.371952 0.438710 0.373316 0.466259 0.374364 0.493312 0.374937 0.520188 0.374945 0.547253 0.374387 0.574827 0.373355 0.603094 0.372011 0.632060 0.370557 0.661553 0.369200 0.691257 0.368116 0.720788 0.367436 0.749754 0.367228 0.777827 0.367502 0.804771 0.368226 0.830451 0.369334 0.854822 0.370752 0.877904 0.372404 0.899760 0.374220 0.920472 0.376146 0.940129 0.378135 0.958818 0.380154 0.976620 0.382178 0.993608 0.384188 1.009844 0.386173 1.025386 0.388124 1.040281 0.390036 1.054573 0.391904 1.068301 0.393727 1.081498 0.395504 1.094195 0.397235 1.106420 0.398921 1.118198 0.400561 1.129554 0.402157 1.140508 0.403709 1.151080 0.405220 
-0.135617 0.377385 -0.125004 0.375478 -0.114010 0.373519 -0.102615 0.371506 -0.090796 0.369438 -0.078533 0.367314 -0.065798 0.365134 -0.052565 0.362897 -0.038803 0.360603 -0.024479 0.358255 -0.009556 0.355854 0.006008 0.353404 0.022260 0.350914 0.039252 0.348392 0.057046 0.345855 0.075709 0.343324 0.095314 0.340827 0.115940 0.338405 0.137667 0.336110 0.160568 0.334005 0.184695 0.332169 0.210064 0.330686 0.236633 0.329641 0.264282 0.329105 0.292806 0.329118 0.321916 0.329669 0.351276 0.330685 0.380546 0.332026 0.409449 0.333499 0.437826 0.334881 0.465667 0.335952 0.493114 0.336539 0.520421 0.336543 0.547881 0.335966 0.575745 0.334906 0.604153 0.333539 0.633096 0.332084 0.662409 0.330766 0.691813 0.329778 0.720965 0.329259 0.749526 0.329282 0.777208 0.329855 0.803805 0.330939 0.829197 0.332460 0.853344 0.334335 0.876262 0.336475 0.898005 0.338806 0.918645 0.341261 0.938262 0.343790 0.956936 0.346352 0.974741 0.348919 0.991743 0.351468 1.008003 0.353986 1.023574 0.356462 1.038503 0.358888 1.052831 0.361261 1.066596 0.363579 1.079830 0.365839 1.092565 0.368042 1.104828 0.370187 1.116644 0.372277 1.128036 0.374310 1.139025 0.376290 1.149633 0.378217 
-0.133851 0.350608 -0.123196 0.348297 -0.112158 0.345924 -0.100718 0.343486 -0.088855 0.340985 -0.076545 0.338416 -0.063765 0.335782 -0.050485 0.333080 -0.036679 0.330312 -0.022312 0.327480 -0.007349 0.324585 0.008251 0.321635 0.024531 0.318637 0.041542 0.315602 0.059340 0.312548 0.077986 0.309498 0.097548 0.306484 0.118095 0.303550 0.139697 0.300750 0.162417 0.298153 0.186300 0.295840 0.211355 0.293900 0.237547 0.292421 0.264772 0.291479 0.292855 0.291116 0.321552 0.291327 0.350576 0.292042 0.379635 0.293126 0.408488 0.294389 0.436984 0.295609 0.465098 0.296571 0.492924 0.297100 0.520647 0.297102 0.548485 0.296577 0.576620 0.295623 0.605146 0.294413 0.634035 0.293165 0.663134 0.292100 0.692198 0.291410 0.720933 0.291228 0.749052 0.291624 0.776308 0.292602 0.802526 0.294117 0.827606 0.296094 0.851508 0.298444 0.874246 0.301076 0.895864 0.303911 0.916425 0.306878 0.935999 0.309924 0.954657 0.313004 0.972466 0.316088 0.989487 0.319151 1.005775 0.322177 1.021381 0.325154 1.036350 0.328074 1.050722 0.330932 1.064531 0.333724 1.077812 0.336450 1.090593 0.339108 1.102901 0.341699 1.114762 0.344223 1.126199 0.346681 1.137232 0.349075 1.147881 0.351407 
-0.131793 0.324060 -0.121087 0.321358 -0.109999 0.318585 -0.098508 0.315739 -0.086592 0.312820 -0.074230 0.309825 -0.061396 0.306755 -0.048064 0.303609 -0.034206 0.300389 -0.019790 0.297096 -0.004781 0.293735 0.010859 0.290311 0.027172 0.286833 0.044205 0.283314 0.062008 0.279773 0.080638 0.276234 0.100155 0.272731 0.120619 0.269309 0.142092 0.266022 0.164625 0.262941 0.188256 0.260145 0.212991 0.257722 0.238797 0.255760 0.265588 0.254334 0.293218 0.253488 0.321484 0.253223 0.350147 0.253479 0.378964 0.254138 0.407726 0.255026 0.436293 0.255942 0.464623 0.256687 0.492766 0.257104 0.520841 0.257104 0.548994 0.256688 0.577343 0.255946 0.605938 0.255037 0.634732 0.254161 0.663585 0.253519 0.692285 0.253284 0.720587 0.253575 0.748249 0.254451 0.775070 0.255911 0.800902 0.257908 0.825660 0.260366 0.849310 0.263197 0.871861 0.266313 0.893350 0.269633 0.913830 0.273088 0.933359 0.276622 0.952002 0.280191 0.969816 0.283762 0.986858 0.287309 1.003179 0.290814 1.018826 0.294265 1.033841 0.297653 1.048262 0.300971 1.062123 0.304217 1.075456 0.307387 1.088290 0.310481 1.100652 0.313499 1.112565 0.316441 1.124052 0.319309 1.135136 0.322104 1.145836 0.324827 
-0.129451 0.297776 -0.118691 0.294698 -0.107545 0.291541 -0.095996 0.288304 -0.084022 0.284985 -0.071601 0.281584 -0.058708 0.278099 -0.045318 0.274533 -0.031403 0.270885 -0.016933 0.267159 -0.001874 0.263359 0.013810 0.259491 0.030159 0.255566 0.047215 0.251596 0.065025 0.247602 0.083640 0.243609 0.103112 0.239651 0.123494 0.235771 0.144838 0.232025 0.167186 0.228478 0.190568 0.225209 0.214988 0.222300 0.240417 0.219835 0.266783 0.217885 0.293965 0.216496 0.321799 0.215674 0.350091 0.215377 0.378637 0.215505 0.407259 0.215914 0.435830 0.216433 0.464292 0.216894 0.492656 0.217162 0.520984 0.217161 0.549357 0.216891 0.577836 0.216431 0.606432 0.215916 0.635083 0.215516 0.663662 0.215402 0.691986 0.215719 0.719853 0.216564 0.747066 0.217980 0.773459 0.219961 0.798913 0.222459 0.823356 0.225401 0.846758 0.228703 0.869124 0.232282 0.890484 0.236061 0.910882 0.239972 0.930367 0.243961 0.948994 0.247984 0.966816 0.252007 0.983882 0.256005 1.000239 0.259958 1.015930 0.263853 1.030995 0.267679 1.045470 0.271432 1.059388 0.275105 1.072779 0.278696 1.085672 0.282205 1.098092 0.285630 1.110064 0.288972 1.121610 0.292232 1.132751 0.295411 1.143505 0.298511 
-0.126839 0.271786 -0.116017 0.268349 -0.104810 0.264826 -0.093197 0.261216 -0.081160 0.257519 -0.068675 0.253733 -0.055719 0.249858 -0.042267 0.245896 -0.028291 0.241848 -0.013763 0.237717 0.001349 0.233508 0.017080 0.229230 0.033466 0.224891 0.050547 0.220508 0.068364 0.216098 0.086964 0.211689 0.106392 0.207313 0.126694 0.203014 0.147912 0.198843 0.170082 0.194864 0.193226 0.191148 0.217345 0.187772 0.242416 0.184813 0.268377 0.182339 0.295130 0.180395 0.322543 0.178995 0.350457 0.178110 0.378706 0.177669 0.407140 0.177558 0.435639 0.177644 0.464135 0.177793 0.492605 0.177896 0.521066 0.177894 0.549545 0.177787 0.578055 0.177638 0.606576 0.177554 0.635035 0.177672 0.663314 0.178125 0.691257 0.179026 0.718700 0.180447 0.745481 0.182416 0.771468 0.184918 0.796563 0.187907 0.820705 0.191313 0.843869 0.195060 0.866057 0.199071 0.887292 0.203272 0.907609 0.207602 0.927050 0.212007 0.945663 0.216446 0.963493 0.220884 0.980583 0.225295 0.996978 0.229662 1.012716 0.233967 1.027834 0.238202 1.042367 0.242359 1.056345 0.246433 1.069799 0.250421 1.082756 0.254320 1.095240 0.258130 1.107275 0.261852 1.118884 0.265485 1.130087 0.269031 1.140903 0.272490 
-0.123968 0.246121 -0.113081 0.242342 -0.101807 0.238472 -0.090128 0.234510 -0.078022 0.230456 -0.065470 0.226308 -0.052447 0.222068 -0.038930 0.217737 -0.024891 0.213317 -0.010303 0.208812 0.004864 0.204228 0.020642 0.199573 0.037065 0.194858 0.054171 0.190098 0.071996 0.185313 0.090581 0.180529 0.109966 0.175778 0.130189 0.171101 0.151286 0.166548 0.173286 0.162177 0.196205 0.158054 0.220044 0.154250 0.244778 0.150833 0.270359 0.147868 0.296707 0.145399 0.323713 0.143447 0.351250 0.141999 0.379182 0.141007 0.407377 0.140391 0.435727 0.140054 0.464155 0.139897 0.492615 0.139840 0.521084 0.139837 0.549551 0.139890 0.577992 0.140045 0.606361 0.140384 0.634579 0.141005 0.662536 0.142007 0.690100 0.143469 0.717133 0.145440 0.743507 0.147931 0.769112 0.150921 0.793870 0.154364 0.817730 0.158197 0.840669 0.162349 0.862687 0.166749 0.883802 0.171331 0.904041 0.176036 0.923440 0.180816 0.942038 0.185628 0.959875 0.190441 0.976990 0.195229 0.993423 0.199972 1.009208 0.204654 1.024381 0.209265 1.038974 0.213796 1.053016 0.218242 1.066535 0.222598 1.079558 0.226864 1.092110 0.231036 1.104213 0.235115 1.115889 0.239100 1.127158 0.242993 1.138040 0.246795 
-0.120852 0.220807 -0.109896 0.216705 -0.098552 0.212509 -0.086803 0.208216 -0.074627 0.203828 -0.062005 0.199343 -0.048913 0.194764 -0.035329 0.190092 -0.021226 0.185330 -0.006578 0.180482 0.008643 0.175556 0.024469 0.170559 0.040929 0.165505 0.058057 0.160408 0.075889 0.155288 0.094457 0.150172 0.113799 0.145090 0.133946 0.140082 0.154927 0.135194 0.176765 0.130480 0.199473 0.126000 0.223048 0.121818 0.247470 0.117999 0.272696 0.114599 0.298662 0.111665 0.325278 0.109223 0.352440 0.107273 0.380033 0.105790 0.407946 0.104723 0.436076 0.104008 0.464342 0.103577 0.492681 0.103376 0.521043 0.103374 0.549388 0.103570 0.577666 0.103998 0.605812 0.104714 0.633745 0.105785 0.661361 0.107277 0.688547 0.109239 0.715187 0.111697 0.741177 0.114650 0.766427 0.118071 0.790871 0.121915 0.814467 0.126123 0.837194 0.130629 0.859051 0.135370 0.880049 0.140286 0.900211 0.145321 0.919567 0.150431 0.938149 0.155574 0.955993 0.160721 0.973131 0.165845 0.989601 0.170927 1.005433 0.175950 1.020661 0.180903 1.035314 0.185777 1.049420 0.190565 1.063007 0.195263 1.076099 0.199868 1.088721 0.204377 1.100894 0.208790 1.112641 0.213107 1.123980 0.217327 1.134931 0.221452 
-0.117505 0.195868 -0.106477 0.191464 -0.095062 0.186961 -0.083240 0.182361 -0.070992 0.177662 -0.058299 0.172866 -0.045138 0.167974 -0.031486 0.162989 -0.017319 0.157915 -0.002611 0.152757 0.012663 0.147522 0.028533 0.142220 0.045028 0.136864 0.062177 0.131470 0.080011 0.126057 0.098561 0.120652 0.117858 0.115284 0.137929 0.109992 0.158797 0.104818 0.180481 0.099813 0.202988 0.095032 0.226316 0.090532 0.250444 0.086374 0.275338 0.082610 0.300941 0.079287 0.327181 0.076436 0.353969 0.074067 0.381208 0.072175 0.408800 0.070732 0.436650 0.069703 0.464673 0.069045 0.492795 0.068724 0.520951 0.068722 0.549079 0.069038 0.577112 0.069693 0.604976 0.070723 0.632585 0.072168 0.659845 0.074067 0.686654 0.076446 0.712916 0.079311 0.738542 0.082651 0.763457 0.086434 0.787607 0.090614 0.810955 0.095136 0.833482 0.099942 0.855183 0.104972 0.876069 0.110172 0.896155 0.115490 0.915466 0.120884 0.934030 0.126316 0.951877 0.131755 0.969036 0.137176 0.985540 0.142558 1.001418 0.147887 1.016698 0.153148 1.031411 0.158332 1.045581 0.163432 1.059236 0.168443 1.072398 0.173360 1.085091 0.178182 1.097336 0.182905 1.109155 0.187530 1.120567 0.192057 1.131590 0.196485 
-0.113942 0.171327 -0.102841 0.166639 -0.091352 0.161852 -0.079457 0.156966 -0.067137 0.151981 -0.054372 0.146899 -0.041141 0.141722 -0.027423 0.136453 -0.013193 0.131097 0.001571 0.125661 0.016896 0.120151 0.032808 0.114579 0.049332 0.108959 0.066498 0.103306 0.084331 0.097641 0.102860 0.091989 0.122109 0.086381 0.142102 0.080851 0.162859 0.075441 0.184392 0.070198 0.206707 0.065171 0.229799 0.060416 0.253650 0.055986 0.278227 0.051933 0.303484 0.048302 0.329358 0.045128 0.355772 0.042430 0.382644 0.040217 0.409884 0.038482 0.437404 0.037206 0.465118 0.036371 0.492948 0.035958 0.520817 0.035956 0.548652 0.036365 0.576375 0.037197 0.603907 0.038472 0.631163 0.040210 0.658052 0.042428 0.684487 0.045134 0.710380 0.048320 0.735658 0.051966 0.760257 0.056036 0.784128 0.060485 0.807240 0.065261 0.829573 0.070309 0.851124 0.075576 0.871898 0.081010 0.891907 0.086564 0.911170 0.092198 0.929712 0.097875 0.947557 0.103565 0.964733 0.109244 0.981267 0.114891 0.997186 0.120488 1.012518 0.126024 1.027288 0.131487 1.041521 0.136868 1.055242 0.142163 1.068474 0.147366 1.081238 0.152473 1.093557 0.157483 1.105449 0.162394 1.116934 0.167205 1.128031 0.171917 
-0.110178 0.147202 -0.099002 0.142252 -0.087439 0.137202 -0.075471 0.132053 -0.063079 0.126806 -0.050243 0.121464 -0.036945 0.116028 -0.023162 0.110504 -0.008873 0.104896 0.005946 0.099213 0.021317 0.093462 0.037265 0.087655 0.053815 0.081806 0.070991 0.075932 0.088818 0.070054 0.107320 0.064198 0.126517 0.058391 0.146430 0.052669 0.167074 0.047071 0.188458 0.041639 0.210586 0.036423 0.233450 0.031471 0.257033 0.026835 0.281307 0.022564 0.306229 0.018703 0.331743 0.015288 0.357784 0.012347 0.384277 0.009898 0.411141 0.007946 0.438294 0.006491 0.465651 0.005526 0.493130 0.005044 0.520652 0.005042 0.548135 0.005519 0.575500 0.006482 0.602663 0.007936 0.629542 0.009890 0.656051 0.012344 0.682110 0.015291 0.707643 0.018716 0.732584 0.022590 0.756877 0.026875 0.780480 0.031528 0.803363 0.036499 0.825509 0.041735 0.846911 0.047188 0.867571 0.052808 0.887499 0.058554 0.906711 0.064384 0.925226 0.070265 0.943065 0.076168 0.960251 0.082066 0.976810 0.087941 0.992767 0.093773 1.008145 0.099550 1.022969 0.105260 1.037262 0.110893 1.051047 0.116443 1.064347 0.121904 1.077182 0.127272 1.089573 0.132544 1.101538 0.137718 1.113098 0.142792 1.124269 0.147766 
-0.106227 0.123509 -0.094977 0.118317 -0.083341 0.113026 -0.071300 0.107638 -0.058837 0.102153 -0.045933 0.096576 -0.032570 0.090909 -0.018725 0.085157 -0.004380 0.079327 0.010488 0.073427 0.025901 0.067466 0.041880 0.061457 0.058449 0.055414 0.075630 0.049356 0.093444 0.043303 0.111911 0.037280 0.131051 0.031316 0.150879 0.025444 0.171407 0.019701 0.192642 0.014129 0.214583 0.008773 0.237224 0.003680 0.260547 -0.001103 0.284524 -0.005527 0.309118 -0.009549 0.334277 -0.013131 0.359945 -0.016240 0.386051 -0.018853 0.412522 -0.020954 0.439280 -0.022533 0.466244 -0.023588 0.493333 -0.024116 0.520464 -0.024118 0.547556 -0.023593 0.574527 -0.022542 0.601295 -0.020963 0.627779 -0.018862 0.653900 -0.016246 0.679583 -0.013131 0.704760 -0.009541 0.729371 -0.005508 0.753367 -0.001071 0.776708 0.003727 0.799367 0.008837 0.821327 0.014211 0.842578 0.019803 0.863122 0.025566 0.882966 0.031460 0.902120 0.037447 0.920600 0.043493 0.938426 0.049570 0.955618 0.055653 0.972196 0.061720 0.988183 0.067754 1.003603 0.073740 1.018476 0.079666 1.032825 0.085521 1.046672 0.091299 1.060037 0.096991 1.072941 0.102594 1.085403 0.108104 1.097442 0.113517 1.109075 0.118833 1.120320 0.124049 
-0.102106 0.100262 -0.090782 0.094849 -0.079073 0.089339 -0.066962 0.083734 -0.054430 0.078035 -0.041461 0.072247 -0.028035 0.066374 -0.014134 0.060422 0.000263 0.054398 0.015175 0.048311 0.030623 0.042172 0.046627 0.035992 0.063208 0.029789 0.080386 0.023580 0.098179 0.017386 0.116606 0.011232 0.135681 0.005148 0.155418 -0.000836 0.175826 -0.006682 0.196909 -0.012352 0.218664 -0.017803 0.241083 -0.022989 0.264148 -0.027866 0.287833 -0.032389 0.312102 -0.036513 0.336910 -0.040200 0.362202 -0.043416 0.387917 -0.046131 0.413984 -0.048326 0.440330 -0.049984 0.466878 -0.051095 0.493549 -0.051653 0.520261 -0.051654 0.546935 -0.051100 0.573489 -0.049992 0.599844 -0.048336 0.625923 -0.046141 0.651650 -0.043422 0.676957 -0.040202 0.701781 -0.036508 0.726067 -0.032375 0.749770 -0.027841 0.772852 -0.022951 0.795289 -0.017749 0.817061 -0.012282 0.838160 -0.006594 0.858583 -0.000729 0.878335 0.005276 0.897425 0.011382 0.915864 0.017557 0.933669 0.023774 0.950857 0.030007 0.967448 0.036235 0.983460 0.042438 0.998915 0.048603 1.013832 0.054715 1.028233 0.060764 1.042137 0.066741 1.055565 0.072639 1.068534 0.078453 1.081065 0.084176 1.093174 0.089807 1.104880 0.095342 1.116199 0.100779 
-0.097828 0.077473 -0.086433 0.071859 -0.074653 0.066151 -0.062474 0.060351 -0.049877 0.054461 -0.036845 0.048487 -0.023362 0.042434 -0.009408 0.036308 0.005034 0.030117 0.019984 0.023871 0.035461 0.017581 0.051483 0.011261 0.068068 0.004928 0.085235 -0.001401 0.102999 -0.007704 0.121377 -0.013955 0.140381 -0.020126 0.160020 -0.026186 0.180302 -0.032101 0.201228 -0.037831 0.222794 -0.043337 0.244990 -0.048576 0.267798 -0.053504 0.291193 -0.058078 0.315141 -0.062256 0.339599 -0.065999 0.364517 -0.069271 0.389836 -0.072043 0.415493 -0.074288 0.441417 -0.075989 0.467535 -0.077131 0.493772 -0.077705 0.520049 -0.077707 0.546289 -0.077137 0.572413 -0.075997 0.598345 -0.074298 0.624012 -0.072052 0.649343 -0.069279 0.674275 -0.066003 0.698747 -0.062255 0.722711 -0.058069 0.746122 -0.053485 0.768947 -0.048545 0.791159 -0.043293 0.812742 -0.037772 0.833683 -0.032025 0.853981 -0.026092 0.873635 -0.020013 0.892652 -0.013821 0.911042 -0.007549 0.928818 -0.001224 0.945996 0.005127 0.962590 0.011484 0.978620 0.017828 0.994103 0.024142 1.009059 0.030413 1.023506 0.036629 1.037462 0.042780 1.050948 0.048858 1.063980 0.054857 1.076576 0.060771 1.088754 0.066597 1.100530 0.072330 1.111921 0.077968 
-0.093408 0.055150 -0.081944 0.049356 -0.070097 0.043470 -0.057852 0.037496 -0.045194 0.031438 -0.032104 0.025302 -0.018568 0.019092 -0.004568 0.012817 0.009915 0.006484 0.024896 0.000106 0.040394 -0.006307 0.056426 -0.012740 0.073007 -0.019175 0.090154 -0.025595 0.107882 -0.031976 0.126202 -0.038295 0.145126 -0.044523 0.164660 -0.050630 0.184810 -0.056581 0.205574 -0.062340 0.226947 -0.067869 0.248918 -0.073125 0.271469 -0.078069 0.294574 -0.082657 0.318202 -0.086851 0.342311 -0.090610 0.366855 -0.093901 0.391779 -0.096692 0.417023 -0.098957 0.442521 -0.100674 0.468204 -0.101829 0.493999 -0.102409 0.519833 -0.102411 0.545630 -0.101834 0.571318 -0.100682 0.596823 -0.098966 0.622076 -0.096702 0.647011 -0.093910 0.671568 -0.090617 0.695691 -0.086852 0.719333 -0.082652 0.742454 -0.078055 0.765021 -0.073101 0.787008 -0.067832 0.808396 -0.062290 0.829176 -0.056515 0.849340 -0.050547 0.868889 -0.044423 0.887825 -0.038175 0.906158 -0.031836 0.923897 -0.025434 0.941054 -0.018992 0.957645 -0.012534 0.973684 -0.006078 0.989189 0.000359 1.004176 0.006761 1.018663 0.013118 1.032666 0.019418 1.046205 0.025652 1.059294 0.031814 1.071953 0.037896 1.084196 0.043895 1.096040 0.049805 1.107501 0.055624 
-0.088863 0.033300 -0.077331 0.027344 -0.065420 0.021301 -0.053114 0.015175 -0.040398 0.008970 -0.027256 0.002693 -0.013672 -0.003650 0.000370 -0.010051 0.014885 -0.016500 0.029891 -0.022987 0.045402 -0.029498 0.061435 -0.036017 0.078004 -0.042529 0.095124 -0.049014 0.112805 -0.055448 0.131059 -0.061808 0.149895 -0.068066 0.169316 -0.074193 0.189327 -0.080154 0.209924 -0.085914 0.231100 -0.091437 0.252843 -0.096684 0.275135 -0.101614 0.297951 -0.106188 0.321260 -0.110367 0.345023 -0.114114 0.369195 -0.117395 0.393725 -0.120179 0.418557 -0.122439 0.443628 -0.124154 0.468874 -0.125307 0.494226 -0.125888 0.519614 -0.125890 0.544969 -0.125312 0.570219 -0.124162 0.595297 -0.122449 0.620137 -0.120189 0.644678 -0.117405 0.668862 -0.114122 0.692637 -0.110371 0.715960 -0.106186 0.738790 -0.101604 0.761097 -0.096665 0.782855 -0.091407 0.804046 -0.085872 0.824658 -0.080097 0.844683 -0.074120 0.864118 -0.067977 0.882966 -0.061700 0.901233 -0.055321 0.918925 -0.048866 0.936054 -0.042360 0.952632 -0.035827 0.968673 -0.029284 0.984192 -0.022751 0.999202 -0.016241 1.013722 -0.009767 1.027767 -0.003342 1.041353 0.003026 1.054496 0.009327 1.067212 0.015556 1.079517 0.021707 1.091425 0.027775 1.102954 0.033755 
-0.084204 0.011928 -0.072609 0.005829 -0.060637 -0.000352 -0.048274 -0.006611 -0.035505 -0.012942 -0.022316 -0.019338 -0.008690 -0.025793 0.005386 -0.032298 0.019928 -0.038842 0.034950 -0.045413 0.050467 -0.051998 0.066494 -0.058582 0.083042 -0.065147 0.100124 -0.071672 0.117751 -0.078136 0.135930 -0.084515 0.154669 -0.090780 0.173971 -0.096903 0.193835 -0.102851 0.214259 -0.108590 0.235234 -0.114086 0.256747 -0.119299 0.278778 -0.124194 0.301305 -0.128731 0.324296 -0.132873 0.347714 -0.136586 0.371517 -0.139836 0.395656 -0.142593 0.420079 -0.144832 0.444727 -0.146531 0.469539 -0.147673 0.494451 -0.148248 0.519397 -0.148250 0.544311 -0.147678 0.569127 -0.146539 0.593781 -0.144842 0.618212 -0.142604 0.642361 -0.139847 0.666175 -0.136595 0.689605 -0.132879 0.712609 -0.128731 0.735149 -0.124188 0.757195 -0.119285 0.778722 -0.114061 0.799711 -0.108554 0.820148 -0.102802 0.840027 -0.096839 0.859342 -0.090700 0.878093 -0.084418 0.896284 -0.078021 0.913921 -0.071537 0.931013 -0.064991 0.947570 -0.058405 0.963604 -0.051800 0.979129 -0.045192 0.994156 -0.038597 1.008703 -0.032030 1.022782 -0.025502 1.036409 -0.019023 1.049600 -0.012602 1.062369 -0.006247 1.074731 0.000036 1.086700 0.006242 1.098292 0.012365 
-0.079446 -0.008964 -0.067791 -0.015188 -0.055763 -0.021489 -0.043348 -0.027861 -0.030531 -0.034299 -0.017299 -0.040795 -0.003639 -0.047341 0.010465 -0.053929 0.025026 -0.060546 0.040058 -0.067181 0.055573 -0.073820 0.071584 -0.080447 0.088102 -0.087043 0.105139 -0.093589 0.122702 -0.100062 0.140799 -0.106438 0.159433 -0.112691 0.178607 -0.118790 0.198320 -0.124707 0.218565 -0.130406 0.239334 -0.135856 0.260614 -0.141019 0.282384 -0.145859 0.304621 -0.150342 0.327295 -0.154431 0.350372 -0.158094 0.373809 -0.161298 0.397563 -0.164016 0.421582 -0.166221 0.445812 -0.167895 0.470196 -0.169020 0.494673 -0.169586 0.519182 -0.169588 0.543662 -0.169025 0.568049 -0.167903 0.592285 -0.166231 0.616311 -0.164027 0.640074 -0.161310 0.663522 -0.158104 0.686609 -0.154439 0.709295 -0.150345 0.731545 -0.145856 0.753329 -0.141008 0.774621 -0.135835 0.795404 -0.130376 0.815663 -0.124664 0.835388 -0.118734 0.854575 -0.112619 0.873221 -0.106350 0.891329 -0.099956 0.908903 -0.093464 0.925949 -0.086899 0.942476 -0.080282 0.958495 -0.073635 0.974017 -0.066974 0.989054 -0.060316 1.003619 -0.053675 1.017726 -0.047065 1.031389 -0.040495 1.044622 -0.033974 1.057439 -0.027513 1.069853 -0.021117 1.081879 -0.014792 1.093531 -0.008543 
-0.074601 -0.029375 -0.062891 -0.035707 -0.050811 -0.042110 -0.038349 -0.048578 -0.025490 -0.055104 -0.012222 -0.061681 0.001467 -0.068300 0.015592 -0.074951 0.030165 -0.081623 0.045198 -0.088303 0.060703 -0.094976 0.076691 -0.101626 0.093172 -0.108235 0.110154 -0.114782 0.127646 -0.121246 0.145651 -0.127603 0.164174 -0.133826 0.183213 -0.139886 0.202767 -0.145754 0.222829 -0.151399 0.243389 -0.156788 0.264433 -0.161886 0.285940 -0.166661 0.307888 -0.171076 0.330248 -0.175101 0.352986 -0.178702 0.376063 -0.181850 0.399436 -0.184518 0.423058 -0.186682 0.446877 -0.188324 0.470840 -0.189428 0.494891 -0.189983 0.518971 -0.189985 0.543023 -0.189433 0.566990 -0.188332 0.590814 -0.186692 0.614443 -0.184529 0.637824 -0.181861 0.660911 -0.178712 0.683659 -0.175109 0.706030 -0.171081 0.727990 -0.166660 0.749510 -0.161879 0.770566 -0.156772 0.791139 -0.151373 0.811214 -0.145717 0.830780 -0.139835 0.849832 -0.133760 0.868366 -0.127522 0.886382 -0.121149 0.903884 -0.114667 0.920876 -0.108101 0.937365 -0.101472 0.953360 -0.094801 0.968872 -0.088107 0.983910 -0.081405 0.998487 -0.074711 1.012616 -0.068036 1.026307 -0.061394 1.039577 -0.054794 1.052435 -0.048244 1.064898 -0.041753 1.076976 -0.035326 1.088683 -0.028970 
-0.069683 -0.049306 -0.057922 -0.055730 -0.045795 -0.062218 -0.033290 -0.068764 -0.020395 -0.075361 -0.007098 -0.082002 0.006615 -0.088676 0.020754 -0.095373 0.035331 -0.102082 0.050358 -0.108789 0.065845 -0.115479 0.081802 -0.122136 0.098237 -0.128741 0.115157 -0.135273 0.132569 -0.141713 0.150476 -0.148034 0.168879 -0.154212 0.187778 -0.160220 0.207168 -0.166028 0.227042 -0.171606 0.247389 -0.176923 0.268195 -0.181946 0.289440 -0.186643 0.311100 -0.190984 0.333148 -0.194934 0.355551 -0.198466 0.378273 -0.201550 0.401272 -0.204163 0.424503 -0.206282 0.447920 -0.207888 0.471471 -0.208967 0.495104 -0.209510 0.518764 -0.209512 0.542398 -0.208972 0.565952 -0.207895 0.589374 -0.206292 0.612612 -0.204175 0.635619 -0.201562 0.658349 -0.198477 0.680762 -0.194943 0.702821 -0.190989 0.724492 -0.186644 0.745748 -0.181941 0.766566 -0.176909 0.786925 -0.171584 0.806812 -0.165995 0.826214 -0.160174 0.845124 -0.154153 0.863538 -0.147960 0.881455 -0.141622 0.898877 -0.135166 0.915807 -0.128615 0.932250 -0.121991 0.948214 -0.115314 0.963707 -0.108604 0.978739 -0.101876 0.993321 -0.095145 1.007463 -0.088425 1.021178 -0.081728 1.034477 -0.075064 1.047372 -0.068444 1.059876 -0.061874 1.072002 -0.055362 1.083761 -0.048915 
-0.064702 -0.068758 -0.052895 -0.075259 -0.040726 -0.081816 -0.028185 -0.088426 -0.015259 -0.095078 -0.001938 -0.101766 0.011791 -0.108479 0.025937 -0.115206 0.040512 -0.121936 0.055525 -0.128654 0.070986 -0.135345 0.086904 -0.141993 0.103285 -0.148579 0.120136 -0.155083 0.137461 -0.161484 0.155262 -0.167758 0.173540 -0.173880 0.192292 -0.179823 0.211513 -0.185560 0.231196 -0.191062 0.251328 -0.196298 0.271894 -0.201238 0.292876 -0.205852 0.314250 -0.210110 0.335989 -0.213980 0.358062 -0.217438 0.380434 -0.220455 0.403066 -0.223008 0.425915 -0.225077 0.448938 -0.226645 0.472086 -0.227699 0.495311 -0.228229 0.518562 -0.228230 0.541788 -0.227703 0.564939 -0.226653 0.587966 -0.225087 0.610822 -0.223019 0.633461 -0.220466 0.655841 -0.217448 0.677923 -0.213990 0.699672 -0.210116 0.721057 -0.205854 0.742049 -0.201234 0.762627 -0.196287 0.782771 -0.191042 0.802464 -0.185530 0.821697 -0.179782 0.840460 -0.173825 0.858748 -0.167689 0.876560 -0.161400 0.893894 -0.154983 0.910753 -0.148461 0.927143 -0.141856 0.943067 -0.135189 0.958535 -0.128478 0.973553 -0.121739 0.988133 -0.114988 1.002282 -0.108239 1.016013 -0.101503 1.029336 -0.094793 1.042262 -0.088118 1.054803 -0.081485 1.066970 -0.074904 1.078776 -0.068381 
-0.059671 -0.087737 -0.047821 -0.094299 -0.035616 -0.100912 -0.023043 -0.107569 -0.010093 -0.114262 0.003246 -0.120982 0.016983 -0.127719 0.031130 -0.134462 0.045695 -0.141198 0.060688 -0.147913 0.076116 -0.154591 0.091988 -0.161217 0.108308 -0.167772 0.125082 -0.174235 0.142313 -0.180586 0.160002 -0.186800 0.178148 -0.192856 0.196749 -0.198726 0.215797 -0.204384 0.235284 -0.209801 0.255199 -0.214950 0.275526 -0.219801 0.296245 -0.224326 0.317335 -0.228497 0.338768 -0.232285 0.360516 -0.235664 0.382544 -0.238611 0.404816 -0.241103 0.427293 -0.243122 0.449931 -0.244650 0.472686 -0.245676 0.495513 -0.246192 0.518364 -0.246194 0.541193 -0.245681 0.563951 -0.244657 0.586593 -0.243131 0.609075 -0.241114 0.631354 -0.238622 0.653390 -0.235675 0.675146 -0.232294 0.696589 -0.228503 0.717688 -0.224329 0.738418 -0.219798 0.758755 -0.214940 0.778681 -0.209783 0.798179 -0.204356 0.817238 -0.198687 0.835849 -0.192805 0.854005 -0.186736 0.871704 -0.180506 0.888944 -0.174140 0.905726 -0.167659 0.922054 -0.161087 0.937932 -0.154443 0.953367 -0.147744 0.968365 -0.141009 0.982934 -0.134252 0.997084 -0.127488 1.010824 -0.120730 1.024164 -0.113987 1.037115 -0.107272 1.049688 -0.100592 1.061892 -0.093956 1.073739 -0.087370 
-0.054598 -0.106245 -0.042712 -0.112855 -0.030475 -0.119510 -0.017877 -0.126202 -0.004908 -0.132921 0.008442 -0.139660 0.022183 -0.146408 0.036323 -0.153153 0.050872 -0.159881 0.065837 -0.166581 0.081225 -0.173235 0.097043 -0.179826 0.113296 -0.186338 0.129987 -0.192749 0.147117 -0.199040 0.164688 -0.205188 0.182698 -0.211169 0.201142 -0.216957 0.220014 -0.222529 0.239304 -0.227857 0.259000 -0.232913 0.279086 -0.237672 0.299544 -0.242105 0.320352 -0.246186 0.341484 -0.249888 0.362912 -0.253188 0.384603 -0.256063 0.406523 -0.258493 0.428634 -0.260459 0.450897 -0.261948 0.473270 -0.262948 0.495710 -0.263450 0.518172 -0.263451 0.540613 -0.262951 0.562988 -0.261955 0.585255 -0.260468 0.607372 -0.258503 0.629298 -0.256074 0.650996 -0.253198 0.672432 -0.249897 0.693572 -0.246192 0.714390 -0.242108 0.734857 -0.237669 0.754954 -0.232905 0.774660 -0.227840 0.793960 -0.222503 0.812842 -0.216920 0.831296 -0.211120 0.849315 -0.205126 0.866895 -0.198964 0.884035 -0.192658 0.900734 -0.186231 0.916993 -0.179702 0.932818 -0.173092 0.948212 -0.166419 0.963182 -0.159700 0.977735 -0.152951 0.991879 -0.146186 1.005622 -0.139417 1.018974 -0.132656 1.031944 -0.125914 1.044542 -0.119200 1.056777 -0.112523 1.068661 -0.105890 
-0.049495 -0.124290 -0.037577 -0.130935 -0.025314 -0.137619 -0.012696 -0.144332 0.000286 -0.151066 0.013641 -0.157812 0.027379 -0.164557 0.041507 -0.171292 0.056032 -0.178002 0.070963 -0.184674 0.086305 -0.191292 0.102063 -0.197840 0.118241 -0.204299 0.134842 -0.210650 0.151867 -0.216872 0.169315 -0.222944 0.187184 -0.228844 0.205468 -0.234546 0.224160 -0.240027 0.243250 -0.245260 0.262727 -0.250222 0.282573 -0.254884 0.302772 -0.259223 0.323301 -0.263212 0.344136 -0.266829 0.365249 -0.270049 0.386609 -0.272852 0.408185 -0.275219 0.429941 -0.277134 0.451838 -0.278583 0.473838 -0.279555 0.495901 -0.280043 0.517985 -0.280045 0.540048 -0.279559 0.562051 -0.278589 0.583952 -0.277142 0.605712 -0.275228 0.627294 -0.272862 0.648661 -0.270058 0.669782 -0.266837 0.690624 -0.263218 0.711162 -0.259225 0.731370 -0.254881 0.751226 -0.250212 0.770712 -0.245244 0.789812 -0.240001 0.808514 -0.234511 0.826807 -0.228797 0.844685 -0.222885 0.862142 -0.216799 0.879175 -0.210562 0.895783 -0.204195 0.911969 -0.197720 0.927733 -0.191155 0.943081 -0.184518 0.958016 -0.177827 0.972546 -0.171098 0.986677 -0.164342 1.000417 -0.157576 1.013774 -0.150809 1.026757 -0.144053 1.039375 -0.137318 1.051637 -0.130612 1.063553 -0.123944 
-0.044369 -0.141876 -0.032425 -0.148547 -0.020141 -0.155247 -0.007509 -0.161970 0.005480 -0.168707 0.018835 -0.175447 0.032563 -0.182180 0.046672 -0.188894 0.061169 -0.195575 0.076059 -0.202210 0.091348 -0.208783 0.107040 -0.215277 0.123138 -0.221675 0.139644 -0.227957 0.156558 -0.234105 0.173878 -0.240096 0.191601 -0.245908 0.209722 -0.251519 0.228232 -0.256905 0.247122 -0.262042 0.266379 -0.266905 0.285986 -0.271470 0.305927 -0.275714 0.326181 -0.279611 0.346723 -0.283141 0.367527 -0.286281 0.388564 -0.289013 0.409803 -0.291318 0.431211 -0.293181 0.452753 -0.294591 0.474390 -0.295536 0.496086 -0.296012 0.517802 -0.296013 0.539500 -0.295540 0.561140 -0.294597 0.582684 -0.293189 0.604096 -0.291326 0.625341 -0.289022 0.646385 -0.286290 0.667196 -0.283148 0.687745 -0.279616 0.708007 -0.275715 0.727956 -0.271467 0.747573 -0.266896 0.766838 -0.262025 0.785737 -0.256880 0.804257 -0.251485 0.822387 -0.245863 0.840118 -0.240038 0.857447 -0.234034 0.874369 -0.227873 0.890882 -0.221575 0.906987 -0.215161 0.922685 -0.208650 0.937980 -0.202059 0.952874 -0.195406 0.967375 -0.188706 0.981487 -0.181972 0.995217 -0.175218 1.008574 -0.168457 1.021564 -0.161699 1.034196 -0.154954 1.046479 -0.148232 1.058421 -0.141540 
-0.039230 -0.159013 -0.027264 -0.165697 -0.014965 -0.172404 -0.002324 -0.179126 0.010667 -0.185855 0.024016 -0.192580 0.037728 -0.199290 0.051812 -0.205973 0.066273 -0.212617 0.081117 -0.219205 0.096347 -0.225724 0.111968 -0.232157 0.127980 -0.238487 0.144386 -0.244695 0.161184 -0.250761 0.178373 -0.256666 0.195947 -0.262387 0.213902 -0.267903 0.232229 -0.273192 0.250917 -0.278230 0.269954 -0.282994 0.289324 -0.287461 0.309010 -0.291608 0.328992 -0.295415 0.349245 -0.298858 0.369746 -0.301920 0.390467 -0.304580 0.411378 -0.306824 0.432447 -0.308637 0.453642 -0.310008 0.474927 -0.310927 0.496267 -0.311389 0.517625 -0.311390 0.538966 -0.310930 0.560253 -0.310013 0.581450 -0.308644 0.602524 -0.306831 0.623440 -0.304588 0.644166 -0.301927 0.664674 -0.298864 0.684935 -0.295418 0.704924 -0.291608 0.724618 -0.287456 0.743996 -0.282983 0.763042 -0.278212 0.781739 -0.273167 0.800074 -0.267869 0.818037 -0.262342 0.835620 -0.256609 0.852816 -0.250692 0.869622 -0.244612 0.886035 -0.238390 0.902054 -0.232044 0.917680 -0.225594 0.932916 -0.219058 0.947764 -0.212451 0.962229 -0.205789 0.976316 -0.199087 0.990031 -0.192357 1.003381 -0.185611 1.016373 -0.178862 1.029014 -0.172118 1.041313 -0.165390 1.053277 -0.158684 
-0.034085 -0.175708 -0.022103 -0.182395 -0.009794 -0.189099 0.002851 -0.195811 0.015839 -0.202522 0.029175 -0.209223 0.042867 -0.215901 0.056920 -0.222545 0.071341 -0.229141 0.086132 -0.235676 0.101298 -0.242135 0.116842 -0.248500 0.132764 -0.254755 0.149065 -0.260883 0.165744 -0.266864 0.182797 -0.272678 0.200220 -0.278306 0.218007 -0.283724 0.236149 -0.288913 0.254635 -0.293851 0.273453 -0.298515 0.292587 -0.302884 0.312021 -0.306936 0.331734 -0.310651 0.351705 -0.314010 0.371909 -0.316993 0.392320 -0.319585 0.412910 -0.321769 0.433650 -0.323532 0.454506 -0.324865 0.475448 -0.325759 0.496442 -0.326207 0.517453 -0.326208 0.538447 -0.325761 0.559391 -0.324869 0.580250 -0.323538 0.600993 -0.321775 0.621588 -0.319591 0.642005 -0.316999 0.662215 -0.314014 0.682193 -0.310653 0.701913 -0.306934 0.721354 -0.302878 0.740496 -0.298503 0.759322 -0.293832 0.777817 -0.288887 0.795967 -0.283689 0.813761 -0.278260 0.831192 -0.272622 0.848253 -0.266796 0.864939 -0.260802 0.881247 -0.254660 0.897175 -0.248389 0.912724 -0.242007 0.927895 -0.235532 0.942691 -0.228979 0.957115 -0.222365 0.971171 -0.215702 0.984866 -0.209004 0.998204 -0.202284 1.011192 -0.195552 1.023836 -0.188819 1.036146 -0.182094 1.048127 -0.175387 
-0.028942 -0.191970 -0.016948 -0.198650 -0.004633 -0.205341 0.008010 -0.212034 0.020988 -0.218720 0.034307 -0.225387 0.047973 -0.232026 0.061991 -0.238623 0.076365 -0.245166 0.091099 -0.251640 0.106196 -0.258032 0.121658 -0.264324 0.137485 -0.270500 0.153677 -0.276543 0.170233 -0.282435 0.187148 -0.288156 0.204417 -0.293686 0.222034 -0.299006 0.239990 -0.304094 0.258275 -0.308931 0.276875 -0.313495 0.295776 -0.317766 0.314960 -0.321724 0.334409 -0.325350 0.354102 -0.328625 0.374015 -0.331532 0.394124 -0.334055 0.414401 -0.336180 0.434819 -0.337896 0.455347 -0.339192 0.475955 -0.340061 0.496612 -0.340497 0.517285 -0.340497 0.537943 -0.340063 0.558553 -0.339196 0.579083 -0.337901 0.599505 -0.336185 0.619786 -0.334059 0.639900 -0.331536 0.659819 -0.328627 0.679518 -0.325350 0.698973 -0.321721 0.718165 -0.317759 0.737073 -0.313482 0.755681 -0.308911 0.773972 -0.304067 0.791936 -0.298970 0.809561 -0.293641 0.826838 -0.288099 0.843760 -0.282367 0.860322 -0.276462 0.876521 -0.270405 0.892354 -0.264214 0.907821 -0.257906 0.922923 -0.251498 0.937661 -0.245007 0.952039 -0.238446 0.966059 -0.231830 0.979727 -0.225173 0.993048 -0.218486 1.006027 -0.211780 1.018670 -0.205067 1.030985 -0.198355 1.042978 -0.191654 
-0.023807 -0.207806 -0.011806 -0.214473 0.000510 -0.221143 0.013146 -0.227809 0.026110 -0.234460 0.039407 -0.241088 0.053041 -0.247680 0.067018 -0.254223 0.081341 -0.260706 0.096013 -0.267114 0.111036 -0.273433 0.126412 -0.279648 0.142140 -0.285741 0.158220 -0.291696 0.174649 -0.297495 0.191424 -0.303120 0.208537 -0.308553 0.225984 -0.313772 0.243754 -0.318759 0.261837 -0.323495 0.280221 -0.327960 0.298890 -0.332134 0.317829 -0.335999 0.337018 -0.339537 0.356438 -0.342729 0.376066 -0.345561 0.395879 -0.348018 0.415851 -0.350086 0.435955 -0.351755 0.456164 -0.353015 0.476447 -0.353860 0.496777 -0.354283 0.517122 -0.354284 0.537452 -0.353861 0.557738 -0.353018 0.577948 -0.351758 0.598056 -0.350090 0.618032 -0.348021 0.637849 -0.345563 0.657483 -0.342730 0.676909 -0.339535 0.696104 -0.335994 0.715050 -0.332124 0.733726 -0.327945 0.752116 -0.323474 0.770206 -0.318730 0.787984 -0.313735 0.805438 -0.308506 0.822558 -0.303063 0.839339 -0.297426 0.855775 -0.291615 0.871861 -0.285646 0.887595 -0.279539 0.902976 -0.273309 0.918004 -0.266974 0.932680 -0.260549 0.947006 -0.254049 0.960985 -0.247487 0.974622 -0.240877 0.987920 -0.234231 1.000885 -0.227559 1.013522 -0.220873 1.025837 -0.214183 1.037837 -0.207496 
